0 42 57 59 34 45 56 100 32 29 149
42 0 54 98 76 87 93 124 56 65 178
57 54 0 78 74 92 112 78 35 54 133
59 98 78 0 29 41 68 60 46 32 97
34 76 74 29 0 19 44 84 39 20 126
45 87 92 41 19 0 27 101 57 39 137
56 93 112 68 44 27 0 128 79 63 164
100 124 78 60 84 101 128 0 70 73 55
32 56 35 46 39 57 79 70 0 18 122
29 65 54 32 20 39 63 73 18 0 120
149 178 133 97 126 137 164 55 122 120 0
