0 113 109 125 235 211 118 138 165 160 171 66 226 177 65 45 150 187 117 83 189 69 278 240 94 261 93 187 250 99 247 234 222 200 74 116 109 172 143 41 118 245 57 143 128 169 34 206 307 294 136 174 265 187 283 226 183 196 52 210 115 306 232 224 252 76 152 164 271 101 48 210 173 223 136 241 190 204 67 74 282 262 147 310 172 288 126 185 211 259 141 317 140 211 222 57 256 151 213 214 123 139 223 259 344 200 291 149 219 186 226 301 72 208 250 47 202 53 100 296 103 79 239 164 130 214 184 256 113 240 223 228 218 238 164 243 214 254 298 318 206 124 197 54 209 184 189 135 231 338 239 259 116 54 162 207 229 214 132 199 222 221 131 277 121 171 190 108 214 146 206 205 121 108 60 232 190 245 184 305 319 323 143 175 222 202 285 282 228 153 141 115 42 239 206 93 192 121 280 188
113 0 223 82 266 299 178 235 202 228 133 80 295 289 174 150 141 209 45 195 258 132 261 279 120 238 31 74 239 190 202 304 325 86 180 219 112 249 83 97 32 306 88 112 166 167 147 203 351 326 198 267 234 75 258 212 235 144 135 299 228 278 132 175 321 170 209 247 291 31 136 246 285 281 148 318 160 198 95 168 337 232 43 231 60 256 79 223 322 167 239 340 177 196 326 144 226 71 234 117 237 211 247 217 252 311 274 43 187 285 338 211 42 244 137 160 92 159 180 325 10 131 338 58 242 158 72 230 2 191 307 232 241 132 62 133 296 192 325 225 106 130 304 59 102 263 206 208 129 374 248 363 230 167 184 247 121 315 186 95 116 227 22 384 215 214 77 97 282 61 165 271 231 35 159 186 168 307 138 323 368 234 77 283 126 147 274 180 310 260 167 139 81 349 204 26 291 192 255 112
109 223 0 216 263 172 154 82 187 167 249 167 213 83 65 77 228 235 220 43 162 125 340 260 173 314 200 297 295 103 330 217 131 309 55 78 184 161 237 134 224 240 149 234 182 224 77 268 313 313 143 112 323 297 351 277 202 277 105 146 27 357 335 312 235 97 176 146 303 207 100 219 76 225 205 211 259 254 152 80 277 320 256 407 282 344 219 200 106 362 80 342 173 266 128 98 314 251 255 320 17 150 242 340 447 93 336 258 299 131 117 403 181 238 360 62 311 79 120 317 212 147 154 274 26 305 294 312 223 326 167 281 257 346 273 352 183 346 322 421 309 201 101 163 318 166 222 146 334 349 269 162 14 62 215 213 335 127 167 304 327 258 240 176 85 183 298 191 184 248 279 178 28 216 89 304 254 237 264 336 318 424 245 79 329 294 325 389 175 83 183 171 144 134 252 202 114 123 348 282
125 82 216 0 333 336 229 199 131 276 54 135 345 296 189 139 215 278 37 203 198 95 340 343 180 158 58 119 157 223 284 353 289 129 163 241 44 293 21 86 51 360 69 190 226 86 157 278 414 394 140 225 156 133 338 130 292 73 111 250 231 200 122 257 371 200 263 287 362 52 116 171 290 336 217 363 80 116 64 142 395 154 120 309 122 179 3 150 299 242 204 411 108 114 293 119 148 41 303 191 233 257 168 299 323 291 193 118 268 312 322 284 90 308 181 163 155 178 220 394 78 181 296 131 229 240 129 151 84 273 253 306 310 196 139 191 337 274 394 296 99 199 275 88 168 306 128 253 122 441 167 327 228 176 251 173 131 278 240 98 120 145 74 352 177 145 115 29 219 44 89 208 215 113 185 113 86 361 63 395 429 308 159 256 199 229 193 245 254 276 96 73 83 324 122 95 253 141 336 65
235 266 263 333 0 149 118 339 400 97 387 197 94 248 210 265 129 56 304 223 411 304 111 20 152 488 276 310 480 161 160 102 391 318 279 187 336 113 343 271 295 77 282 161 108 399 228 82 87 61 368 373 488 293 131 455 61 405 286 409 241 531 389 167 103 175 88 129 39 284 280 444 253 65 117 128 411 435 295 295 88 486 256 260 285 511 332 419 351 264 339 82 375 439 386 288 479 336 34 259 261 113 458 157 316 338 521 261 135 180 343 282 243 26 340 238 288 204 147 61 262 157 415 264 288 178 294 481 264 167 429 61 26 295 255 312 131 198 63 302 367 135 359 246 282 118 423 117 386 108 474 416 255 223 81 440 369 390 104 354 370 455 287 421 333 404 318 329 436 327 422 428 292 231 191 445 414 83 396 73 105 293 205 340 261 177 516 308 436 209 376 349 262 376 438 242 378 349 129 378
211 299 172 336 149 0 126 254 351 81 383 219 59 118 153 216 210 161 321 149 335 268 258 134 186 468 293 365 453 113 288 56 276 377 213 102 320 54 353 253 318 86 269 236 151 375 184 205 158 172 310 280 474 355 276 431 103 408 246 311 144 512 431 284 71 135 107 51 183 302 240 388 125 85 183 41 401 408 278 238 116 471 312 387 343 496 337 367 228 370 251 205 332 418 270 243 464 357 164 346 161 91 409 290 439 216 495 315 256 44 211 399 261 135 415 184 360 159 118 179 291 168 302 326 188 288 355 464 298 291 334 199 160 381 320 394 18 320 186 419 405 195 245 252 360 41 384 93 429 195 433 293 158 168 162 383 419 278 124 395 416 419 322 292 256 351 371 320 356 350 418 351 198 273 151 443 399 81 396 208 156 414 273 231 352 282 486 409 342 91 339 319 252 247 409 272 274 290 273 396
118 178 154 229 118 126 0 224 282 49 281 98 118 167 93 146 91 81 206 111 293 187 186 122 60 377 178 240 367 52 186 126 285 251 162 89 224 72 243 157 201 131 170 112 31 286 109 115 189 176 249 259 379 229 198 343 65 302 168 296 136 421 309 174 143 59 34 75 156 187 162 326 168 108 63 141 303 322 182 177 166 377 186 276 217 402 229 301 253 249 224 201 257 328 282 169 370 242 102 221 156 34 341 193 324 240 408 190 153 126 253 282 144 91 288 120 233 86 33 178 171 47 308 200 180 173 229 372 176 185 314 127 106 256 193 268 120 210 181 302 284 71 255 140 233 87 307 33 307 220 358 315 149 106 62 322 296 282 14 273 293 340 200 325 215 286 246 220 318 233 316 310 180 149 73 341 304 132 292 191 202 300 146 233 227 164 403 286 321 126 259 234 150 280 324 151 267 231 195 283
138 235 82 199 339 254 224 0 123 245 214 205 295 153 130 93 284 304 217 116 81 106 405 338 226 256 206 304 233 178 384 299 90 316 66 159 157 242 220 138 225 321 148 281 247 175 121 332 394 392 80 36 268 310 414 220 279 243 100 72 109 296 322 362 318 165 251 228 379 211 99 145 145 305 265 294 217 198 144 67 358 265 276 449 295 286 202 130 104 395 4 420 118 213 93 91 260 240 327 347 93 227 171 395 481 99 272 277 355 212 132 437 201 313 369 107 328 139 192 395 225 204 102 293 67 352 307 256 236 377 90 350 330 367 295 369 266 393 400 454 299 256 76 181 338 248 160 222 322 429 201 128 95 119 282 138 329 80 238 297 320 194 247 152 22 115 303 170 102 240 237 97 55 241 152 261 208 319 229 413 399 460 280 61 356 340 259 414 97 163 132 134 154 126 194 222 56 65 411 260
165 202 187 131 400 351 282 123 0 319 115 218 381 269 202 138 307 352 164 201 77 95 437 404 256 133 171 251 110 251 394 387 195 260 137 249 91 324 145 133 177 403 128 291 294 63 175 367 469 458 44 128 146 264 440 98 346 140 114 140 212 173 238 369 406 231 315 313 436 170 119 46 261 382 298 387 107 76 116 113 440 142 245 434 252 163 134 21 224 369 127 482 26 92 200 113 138 170 378 318 202 298 59 408 453 221 150 244 372 314 254 413 187 373 312 169 286 201 258 460 195 244 192 258 183 354 260 133 204 385 135 391 383 327 264 322 359 391 463 425 220 283 193 172 298 334 37 294 239 502 82 229 201 186 326 45 255 182 296 224 243 72 202 256 107 14 246 106 92 174 127 82 168 225 213 146 95 402 128 470 479 436 272 182 327 342 138 375 133 268 35 62 147 242 72 204 158 63 437 172
160 228 167 276 97 81 49 245 319 0 328 148 68 153 119 180 128 86 256 129 320 226 191 93 109 421 227 289 410 69 210 77 293 300 189 90 269 27 291 201 250 85 215 155 70 329 143 129 151 146 282 278 425 278 207 386 36 350 205 313 143 466 359 204 94 88 25 37 137 236 200 361 157 63 101 91 349 364 226 208 122 422 235 307 266 448 277 337 254 288 244 175 296 371 288 205 415 291 97 265 164 20 378 214 358 241 451 239 178 94 247 318 193 74 336 150 280 117 60 150 221 97 318 248 191 206 277 416 226 211 334 130 97 300 241 314 72 240 155 338 334 114 262 188 279 40 347 25 357 185 397 319 158 133 82 356 345 292 44 323 343 380 250 324 241 321 296 266 344 283 363 337 195 198 105 388 349 85 339 170 160 334 193 242 270 200 445 327 341 113 299 275 196 279 366 201 281 263 204 332
171 133 249 54 387 383 281 214 115 328 0 189 396 331 232 175 270 332 89 243 191 123 394 397 234 104 112 153 106 270 336 404 299 160 193 285 65 342 51 129 101 412 114 244 280 53 199 333 468 448 141 232 101 171 391 80 345 28 144 251 267 145 123 309 422 248 315 335 417 106 150 145 324 389 271 412 26 71 104 169 447 99 168 352 162 124 55 129 318 283 219 465 102 64 304 151 93 71 358 233 266 308 133 351 361 312 140 165 321 355 344 324 144 362 207 203 193 223 269 448 132 234 301 176 256 291 167 97 136 324 249 361 365 232 185 224 385 322 449 333 109 253 290 141 207 355 97 304 125 495 124 336 261 218 306 149 143 287 293 115 131 103 121 362 193 130 146 62 207 80 35 197 241 167 231 60 36 413 15 450 482 347 211 274 241 280 141 280 248 317 86 80 131 341 79 149 262 149 389 58
66 80 167 135 197 219 98 205 218 148 189 0 216 220 107 112 89 143 109 130 252 125 219 207 45 291 81 148 285 112 182 225 287 160 140 144 141 169 147 85 102 228 91 77 91 205 90 150 279 258 196 241 291 141 222 259 158 208 114 276 165 334 212 158 241 94 130 167 228 89 112 264 217 204 83 238 214 240 103 140 261 288 97 244 127 314 135 239 272 195 207 276 191 243 287 121 282 144 169 153 178 130 272 194 280 260 324 100 156 206 283 236 46 173 204 106 150 91 101 258 73 51 305 113 191 147 139 284 79 174 290 176 175 182 110 190 216 187 259 254 186 67 261 49 155 183 235 128 210 305 283 323 170 105 117 262 200 280 107 176 197 263 103 340 188 226 153 133 278 135 225 268 183 56 87 248 217 229 199 261 294 258 78 239 162 135 321 222 294 187 188 159 70 300 244 53 259 183 219 185
226 295 213 345 94 59 118 295 381 68 396 216 0 173 178 242 183 121 324 182 374 291 206 78 176 488 296 354 476 130 246 9 328 365 246 136 336 56 360 268 319 28 282 213 132 396 206 163 101 113 342 325 492 342 225 453 66 418 269 358 187 533 427 246 26 151 86 68 126 305 263 421 180 29 159 33 416 430 293 268 63 489 299 346 331 515 345 398 282 339 294 146 359 438 322 268 483 360 116 322 206 88 440 246 401 270 517 304 216 99 268 363 262 87 397 211 342 180 126 120 289 165 354 312 234 253 342 483 294 250 380 151 111 358 304 373 40 281 127 383 402 175 297 257 340 47 410 91 424 139 461 348 201 194 130 416 412 329 109 390 410 445 318 349 294 382 361 334 397 351 431 391 242 265 169 457 417 24 407 149 104 377 254 280 327 249 510 380 388 140 364 341 264 303 432 269 323 322 223 400
177 289 83 296 248 118 167 153 269 153 331 220 173 0 115 156 256 238 294 94 234 207 344 239 209 397 271 362 378 118 353 173 158 375 138 79 266 135 316 210 296 202 226 271 198 308 142 278 275 285 224 172 407 359 360 361 189 359 187 199 64 440 410 340 189 128 173 119 287 279 181 297 8 194 229 159 343 337 231 164 234 404 316 442 345 428 297 280 109 407 150 317 256 350 151 180 398 327 251 371 66 145 322 360 487 98 419 319 320 74 95 444 247 227 423 133 370 130 136 291 279 183 184 333 86 338 357 396 289 352 222 283 251 402 330 410 135 376 297 464 384 232 128 231 375 132 305 143 408 312 350 175 69 122 226 291 407 162 175 377 400 340 308 175 163 264 366 272 252 323 362 248 100 275 132 388 337 198 346 316 275 464 294 116 379 329 407 439 231 41 266 255 218 130 336 265 161 205 357 361
65 174 65 189 210 153 93 130 202 119 232 107 178 115 0 64 163 174 182 23 202 115 277 210 108 315 157 247 300 50 265 184 195 260 70 52 168 122 208 103 182 201 119 169 118 222 32 205 270 264 164 165 321 244 288 278 150 258 93 202 58 359 297 247 203 34 121 111 249 166 87 242 111 182 140 186 249 256 127 90 238 318 202 343 230 343 190 220 171 300 130 291 181 265 193 90 311 217 196 260 73 99 261 275 384 158 342 204 233 123 178 340 131 183 308 32 256 15 62 267 164 82 217 219 91 240 242 311 173 260 220 220 199 289 216 297 158 280 271 358 271 136 166 116 261 132 233 94 296 304 283 228 65 15 153 238 292 191 108 263 286 267 194 241 123 203 251 169 226 211 266 218 88 160 24 292 246 200 246 283 279 361 184 144 268 230 333 329 227 88 187 166 107 198 256 150 174 144 284 253
45 150 77 139 265 216 146 93 138 180 175 112 242 156 64 0 193 223 143 69 148 53 318 268 136 251 125 223 236 112 292 248 178 235 30 114 110 186 160 57 148 264 72 188 164 159 37 245 331 322 102 129 258 225 325 215 209 203 30 164 92 296 257 269 267 92 178 175 303 132 25 180 150 244 176 250 189 192 75 31 302 255 188 355 211 280 141 156 171 303 95 348 117 202 178 26 249 174 247 257 94 160 197 303 389 161 278 189 263 183 189 345 112 238 287 31 242 62 120 325 140 116 193 205 93 259 222 248 151 285 179 266 251 279 206 283 222 299 328 362 232 166 154 92 250 196 168 155 256 364 218 215 88 48 198 176 258 169 161 227 250 203 165 234 77 141 224 115 174 170 207 165 81 151 75 233 185 263 189 337 341 368 188 132 266 247 269 324 184 142 122 103 69 198 192 133 147 84 322 204
150 141 228 215 129 210 91 284 307 128 270 89 183 256 163 193 0 72 182 186 339 214 130 144 57 374 157 181 370 138 101 193 358 189 217 177 229 155 222 174 172 184 180 32 60 292 162 63 216 187 285 320 372 165 133 344 116 284 201 356 217 416 261 84 205 134 103 162 151 164 198 353 257 161 27 214 295 326 192 223 209 369 127 185 156 394 214 328 333 160 285 199 280 328 356 207 363 212 95 139 235 122 362 112 233 320 408 131 71 216 337 191 127 111 215 177 161 150 119 186 139 81 378 135 254 82 165 367 138 97 372 91 103 175 126 190 199 120 185 211 238 27 329 136 158 169 323 122 257 235 371 391 227 169 53 351 240 352 87 225 241 351 160 404 270 315 189 219 364 202 304 355 251 105 139 325 301 187 277 182 234 209 76 307 143 73 406 199 377 216 277 248 160 361 331 120 334 270 130 253
187 209 235 278 56 161 81 304 352 86 332 143 121 238 174 223 72 0 248 192 371 257 107 71 98 434 221 254 428 132 127 130 366 262 241 165 284 111 287 221 239 116 231 105 59 348 186 44 143 117 323 340 434 238 122 402 58 349 240 376 216 477 333 125 139 140 64 124 85 228 235 398 240 94 61 154 357 383 243 254 138 431 200 226 229 457 277 373 332 219 305 133 327 386 362 243 425 280 25 207 236 92 410 129 280 319 468 204 96 180 329 242 188 39 286 198 233 165 114 116 206 108 389 208 261 133 238 428 207 130 395 46 32 244 199 260 147 160 116 262 310 79 335 192 229 122 374 95 330 164 424 395 229 185 26 395 313 363 67 297 313 404 230 403 295 358 262 276 396 270 367 388 261 174 152 390 360 119 341 119 161 256 149 314 210 129 464 261 401 196 326 299 210 358 386 186 348 306 118 321
117 45 220 37 304 321 206 217 164 256 89 109 324 294 182 143 182 248 0 200 227 110 305 315 153 193 28 89 194 208 247 333 307 100 171 232 73 274 39 86 13 337 71 155 200 124 151 245 387 365 167 245 190 100 302 167 268 101 120 274 231 234 115 220 350 186 240 270 332 19 123 207 289 313 187 345 115 154 72 153 371 188 83 272 87 212 35 184 311 205 221 380 140 151 310 129 181 35 273 154 236 237 205 262 288 302 229 81 232 301 332 248 62 281 154 161 121 169 203 364 43 159 317 94 236 203 96 186 47 236 280 274 280 162 101 159 320 236 364 260 89 168 290 69 134 288 164 234 114 412 205 346 230 172 222 208 115 297 216 83 107 183 37 368 195 178 87 58 249 29 121 239 223 78 173 143 123 338 94 364 403 272 122 270 163 192 229 211 281 270 129 103 76 338 160 62 272 165 300 76
83 195 43 203 223 149 111 116 201 129 243 130 182 94 23 69 186 192 200 0 192 122 297 222 131 320 176 269 304 62 287 187 174 281 64 47 178 127 223 117 201 207 134 193 138 228 48 225 278 275 161 150 327 266 308 284 163 270 100 185 34 364 315 270 206 53 135 114 263 184 94 239 90 189 162 186 258 260 140 88 244 324 224 366 252 349 205 218 147 324 116 304 183 271 171 95 318 234 213 284 49 110 260 297 407 134 346 227 256 114 154 363 153 197 330 40 279 39 78 279 184 105 197 241 69 264 264 317 195 283 205 239 215 312 239 320 157 304 283 382 289 159 144 136 284 135 234 106 314 313 283 206 41 28 172 234 312 170 125 282 305 270 214 218 112 201 272 181 216 228 276 209 69 183 47 302 254 205 257 297 285 384 208 122 292 253 336 353 213 73 190 173 123 175 260 172 155 140 305 268
189 258 162 198 411 335 293 81 77 320 191 252 374 234 202 148 339 371 227 192 0 130 466 412 283 199 226 316 174 251 434 379 125 327 131 238 154 320 216 171 239 400 173 329 312 140 184 394 471 466 60 66 215 327 472 168 352 217 138 65 190 234 313 410 397 235 323 306 450 228 141 74 225 382 324 374 184 150 164 117 437 212 301 486 314 229 202 71 164 426 84 493 91 166 132 132 208 239 395 376 174 301 102 447 511 164 207 301 408 293 196 469 234 384 380 173 348 207 264 469 249 265 118 317 149 398 323 202 260 426 58 414 399 389 321 387 346 437 473 484 293 313 131 216 360 326 108 296 314 506 134 156 176 188 347 67 327 112 307 296 316 134 263 184 80 62 313 170 25 242 203 16 136 274 220 222 172 397 205 484 478 493 319 127 385 386 192 437 56 245 106 125 187 177 143 253 92 69 469 247
69 132 125 95 304 268 187 106 95 226 123 125 291 207 115 53 214 257 110 122 130 0 343 309 161 199 101 198 184 161 306 298 197 209 70 167 59 235 116 41 119 312 44 201 198 106 85 273 376 364 71 136 205 205 347 163 252 152 22 167 144 243 217 281 317 139 221 226 340 105 28 141 201 290 203 301 136 140 37 46 349 202 174 356 191 227 98 116 204 297 110 387 70 149 200 27 196 134 282 248 142 206 153 319 383 195 226 174 281 237 227 340 104 278 263 84 224 111 166 365 122 148 207 190 134 268 201 195 133 297 175 296 287 264 194 265 274 307 368 356 193 189 180 85 234 246 120 201 217 408 170 235 138 100 231 138 223 187 201 191 214 153 141 258 85 102 197 67 155 133 155 144 120 145 122 180 132 311 138 375 387 364 189 161 257 256 218 312 178 195 72 50 57 229 141 124 162 61 344 159
278 261 340 340 111 258 186 405 437 191 394 219 206 344 277 318 130 107 305 297 466 343 0 130 183 499 283 278 497 238 77 213 471 283 340 273 358 214 344 304 293 188 310 150 158 421 284 72 170 131 414 441 495 258 21 471 158 405 330 478 322 539 361 99 214 243 171 228 92 288 326 483 347 176 142 239 421 454 322 349 191 493 234 164 256 517 339 458 439 190 406 119 411 455 468 335 487 331 95 205 342 199 492 66 220 426 534 238 75 284 436 194 255 122 287 298 245 267 220 125 262 202 494 235 366 117 260 491 258 89 495 60 97 237 225 255 241 114 118 212 343 154 441 266 235 222 453 202 358 168 501 501 335 287 124 481 335 468 173 329 339 480 277 510 394 445 288 347 492 320 427 483 366 227 254 446 427 194 399 99 191 198 184 419 203 124 533 233 501 303 407 378 290 465 459 245 452 399 19 369
240 279 260 343 20 134 122 338 404 93 397 207 78 239 210 268 144 71 315 222 412 309 130 0 162 496 287 325 488 160 180 84 385 334 280 183 344 104 354 278 307 58 290 177 116 407 230 102 72 54 370 371 497 309 150 463 59 415 290 407 236 540 404 186 84 176 89 120 49 296 284 448 244 49 130 110 420 442 302 297 68 495 271 280 301 520 342 423 344 284 338 81 380 447 380 291 488 349 53 277 257 111 463 177 336 331 528 276 154 169 334 302 253 34 358 239 305 206 148 57 275 164 410 280 284 197 310 490 277 187 427 81 45 313 271 330 116 218 61 322 381 148 354 255 300 107 429 115 401 98 479 409 251 224 94 444 385 385 108 368 385 461 300 413 333 408 334 338 436 339 432 429 288 244 192 456 423 63 406 77 89 313 221 335 280 196 523 327 434 201 381 355 269 368 445 254 374 352 148 390
94 120 173 180 152 186 60 226 256 109 234 45 176 209 108 136 57 98 153 131 283 161 183 162 0 335 125 180 329 92 158 185 301 190 160 130 185 133 192 124 146 185 132 62 46 249 105 111 234 213 231 263 336 169 189 303 115 253 147 299 163 379 251 139 201 82 89 134 184 133 143 302 208 161 41 200 259 284 145 167 217 333 125 235 157 359 180 277 279 198 228 232 230 287 299 151 327 187 124 165 180 95 313 169 278 266 369 129 128 181 284 235 91 127 228 120 173 93 75 213 114 26 321 139 199 132 168 329 118 153 315 134 131 198 133 210 180 172 214 254 226 30 273 93 174 147 276 93 248 260 325 335 172 112 72 300 236 296 66 214 234 306 142 349 213 263 186 177 309 178 270 299 194 89 84 293 262 187 244 217 249 255 88 251 172 122 365 231 320 171 229 201 112 307 288 94 277 215 186 229
261 238 314 158 488 468 377 256 133 421 104 291 488 397 315 251 374 434 193 320 199 199 499 496 335 0 216 249 26 359 440 495 324 253 260 366 152 433 155 220 206 507 207 349 380 92 283 437 566 549 176 260 18 268 496 36 442 99 221 265 337 44 194 413 514 336 412 424 519 210 227 127 390 484 374 500 78 60 195 234 543 16 271 450 262 30 160 129 357 380 260 567 141 49 330 225 17 172 460 332 330 401 100 455 453 354 36 268 426 435 387 420 247 462 292 283 290 309 361 549 236 332 317 278 314 395 265 9 241 429 254 465 467 326 287 315 473 425 550 427 191 356 325 242 304 444 95 397 197 595 70 356 328 299 408 134 221 311 390 202 210 64 225 383 239 142 240 158 203 182 74 197 298 272 319 64 73 507 101 553 579 442 316 315 340 385 42 371 249 392 131 148 227 374 61 254 289 193 494 144
93 31 200 58 276 293 178 206 171 227 112 81 296 271 157 125 157 221 28 176 226 101 283 287 125 216 0 98 214 181 229 304 296 111 154 206 81 246 66 69 25 309 58 132 171 139 128 220 360 337 166 237 214 103 281 188 239 128 106 268 208 258 140 202 322 159 211 242 305 9 108 216 266 285 160 316 138 172 63 140 342 212 75 262 89 237 56 192 296 199 210 353 145 172 298 115 206 64 246 149 215 209 217 243 284 286 251 74 211 274 314 243 34 253 163 139 123 143 175 337 23 130 308 90 218 186 100 209 33 218 276 248 253 163 94 163 292 221 337 257 113 141 276 41 133 260 177 206 138 385 221 334 209 148 195 216 135 286 188 106 129 199 41 356 185 183 99 67 250 56 147 240 206 57 146 169 144 310 120 338 375 266 103 255 158 174 250 211 278 245 136 108 55 323 177 37 262 160 279 104
187 74 297 119 310 365 240 304 251 289 153 148 354 362 247 223 181 254 89 269 316 198 278 325 180 249 98 0 257 260 207 364 395 12 252 291 162 313 107 167 79 361 156 148 222 201 222 235 397 367 256 334 239 20 270 232 290 149 205 363 302 281 82 181 379 241 268 313 329 93 207 290 359 337 198 381 178 225 160 239 389 238 54 201 24 258 116 269 394 131 308 375 228 217 396 214 233 83 276 85 311 275 284 222 207 384 285 50 203 355 412 171 116 292 65 234 41 232 248 365 84 197 405 45 316 162 18 239 74 195 369 265 284 78 55 71 360 184 363 180 66 180 375 133 55 327 245 272 79 415 278 433 304 241 232 292 59 384 246 52 61 256 57 455 282 264 9 146 338 76 175 327 304 92 232 186 189 363 150 357 415 194 104 354 92 154 289 126 370 333 216 192 153 421 232 97 360 254 268 105
250 239 295 157 480 453 367 233 110 410 106 285 476 378 300 236 370 428 194 304 174 184 497 488 329 26 214 257 0 346 442 483 299 262 242 351 144 420 157 209 207 495 198 347 372 80 270 433 557 541 154 235 44 276 496 26 433 108 207 239 319 62 209 414 501 324 402 411 513 209 213 101 370 473 368 486 79 45 185 217 532 42 275 458 268 55 159 105 333 388 238 561 122 42 305 209 40 177 454 339 311 389 73 457 463 331 41 272 425 419 364 429 243 454 305 268 298 296 349 542 236 324 292 282 293 397 272 32 241 430 228 460 460 335 291 325 459 429 543 437 203 351 301 236 312 431 73 385 212 587 43 330 309 285 401 108 235 286 380 213 223 39 228 358 217 118 249 152 176 186 83 170 278 271 306 80 71 495 106 547 569 451 316 292 347 386 36 382 222 374 113 134 218 349 43 252 264 173 493 153
99 190 103 223 161 113 52 178 251 69 270 112 130 118 50 112 138 132 208 62 251 161 238 160 92 359 181 260 346 0 237 136 233 272 120 38 208 74 240 141 206 152 156 153 82 266 76 167 220 214 214 212 364 253 251 323 101 295 139 247 84 403 320 222 155 22 73 65 201 190 133 292 118 132 111 141 289 301 166 139 189 361 208 323 239 386 223 269 201 290 177 242 229 309 230 138 354 244 151 256 104 49 310 244 369 188 388 212 204 95 201 326 150 135 315 81 261 50 19 218 181 67 257 224 129 220 251 355 189 234 267 179 154 288 220 299 115 258 222 345 294 113 203 139 263 85 280 45 318 254 330 263 97 64 114 288 311 231 64 284 306 315 212 272 172 253 265 207 276 237 305 268 130 168 39 331 288 151 283 235 229 345 179 182 263 210 380 323 274 79 233 211 139 228 302 164 217 194 247 283
247 202 330 284 160 288 186 384 394 210 336 182 246 353 265 292 101 127 247 287 434 306 77 180 158 440 229 207 442 237 0 255 460 210 318 275 309 237 285 265 234 236 267 105 154 369 263 83 236 199 378 420 434 186 63 415 185 343 296 456 318 478 289 27 261 235 186 248 157 233 294 441 355 218 126 280 363 401 278 321 248 433 169 100 186 456 282 416 435 113 386 193 368 399 458 303 427 268 131 129 336 211 445 15 155 422 476 172 33 305 438 123 207 159 211 278 171 251 218 194 206 183 480 166 356 45 189 432 200 12 471 99 137 160 156 178 274 38 188 141 273 129 431 222 160 248 405 213 285 240 450 493 328 271 129 439 262 454 178 259 267 429 215 506 369 404 217 296 460 258 366 450 353 172 241 384 370 241 339 173 257 132 125 409 127 55 477 156 476 312 362 333 249 462 406 192 435 365 62 303
234 304 217 353 102 56 126 299 387 77 404 225 9 173 184 248 193 130 333 187 379 298 213 84 185 495 304 364 483 136 255 0 329 374 251 140 344 62 368 276 327 30 290 223 141 403 213 172 101 116 348 328 499 351 233 460 76 427 276 361 190 540 436 255 19 158 96 73 131 313 270 426 180 37 169 25 424 437 301 274 61 496 309 355 340 522 353 404 283 348 297 149 365 445 323 275 490 368 125 332 208 96 446 255 410 271 524 313 225 99 268 373 270 96 407 217 352 187 134 123 298 174 355 321 236 263 351 491 303 260 383 159 119 368 314 383 38 290 131 393 411 185 298 265 350 52 417 99 433 139 467 348 205 200 140 422 421 331 118 399 419 451 327 348 299 388 371 341 401 360 439 395 245 274 176 464 424 25 416 153 102 386 264 282 336 259 517 390 391 141 370 348 272 303 439 278 325 328 231 409
222 325 131 289 391 276 285 90 195 293 299 287 328 158 195 178 358 366 307 174 125 197 471 385 301 324 296 395 299 233 460 329 0 406 148 203 246 281 310 228 316 356 238 360 313 255 198 399 430 436 159 67 339 400 483 292 329 327 190 62 150 359 411 440 346 228 305 266 431 301 189 199 150 345 336 317 298 271 235 156 390 336 365 531 385 354 292 194 52 481 86 467 199 287 8 181 331 330 385 435 130 278 228 470 567 61 333 366 429 231 82 523 289 366 460 182 418 208 251 441 315 277 26 382 105 432 397 326 326 454 81 412 387 456 383 459 292 472 446 540 389 331 31 269 427 283 230 274 412 467 260 38 136 188 347 192 420 12 298 387 410 259 337 62 112 183 394 260 129 330 319 132 106 329 219 340 288 352 314 463 432 545 365 51 444 421 318 502 90 188 214 221 243 54 266 311 37 150 479 349
200 86 309 129 318 377 251 316 260 300 160 160 365 375 260 235 189 262 100 281 327 209 283 334 190 253 111 12 262 272 210 374 406 0 265 303 172 324 115 180 90 370 168 157 232 209 234 242 405 375 267 346 243 25 273 238 300 154 217 375 315 284 79 184 389 253 278 325 336 105 219 299 371 346 207 391 184 231 171 251 398 242 65 198 33 261 126 279 407 128 320 382 238 223 408 226 237 91 284 84 324 286 292 225 201 396 289 61 208 366 424 166 128 300 53 247 40 244 260 373 96 208 417 53 328 166 23 243 86 198 380 271 292 72 62 63 371 185 370 174 66 190 387 146 53 338 253 284 75 422 285 445 316 253 241 301 52 396 256 52 56 263 69 467 294 274 14 156 348 85 180 338 316 103 244 190 196 373 156 363 424 189 113 367 90 159 294 119 381 345 225 202 166 434 239 109 371 265 271 109
74 180 55 163 279 213 162 66 137 189 193 140 246 138 70 30 217 241 171 64 131 70 340 280 160 260 154 252 242 120 318 251 148 265 0 112 129 190 184 85 176 270 99 215 183 170 55 267 340 334 96 102 269 255 348 224 221 222 51 139 77 304 283 296 270 104 191 178 318 160 47 175 131 252 199 250 204 200 100 25 308 266 218 384 241 290 165 153 141 333 68 361 120 212 148 43 260 200 264 287 72 169 195 329 419 131 284 219 288 177 161 375 142 253 317 42 272 75 132 337 170 138 164 235 66 287 252 258 181 311 155 285 268 310 236 313 222 327 341 392 258 190 124 122 280 199 171 165 283 374 220 185 68 56 218 170 286 140 176 254 277 207 195 204 54 137 253 136 156 197 223 148 52 181 88 249 198 269 208 352 348 397 217 102 296 275 274 354 161 131 129 116 99 169 199 163 118 76 345 228
116 219 78 241 187 102 89 159 249 90 285 144 136 79 52 114 177 165 232 47 238 167 273 183 130 366 206 291 351 38 275 140 203 303 112 0 220 82 260 156 231 162 172 191 120 273 85 203 234 235 208 190 373 286 286 330 126 311 144 225 53 410 346 261 159 50 103 68 227 215 138 287 79 146 150 138 301 306 180 135 199 369 242 362 272 395 242 265 166 328 158 264 230 316 199 141 363 267 182 293 73 74 307 282 408 153 392 245 242 70 163 365 178 163 349 83 295 63 57 239 210 104 228 258 101 259 284 363 219 273 246 212 184 325 255 334 110 297 244 384 320 152 172 164 299 88 281 71 345 270 331 230 68 66 150 282 340 202 99 312 334 317 240 237 158 249 295 222 261 261 319 254 106 201 59 345 299 159 298 260 240 384 216 152 301 249 383 361 253 42 237 218 158 192 307 194 191 188 283 304
109 112 184 44 336 320 224 157 91 269 65 141 336 266 168 110 229 284 73 178 154 59 358 344 185 152 81 162 144 208 309 344 246 172 129 220 0 282 63 68 86 354 54 208 228 63 135 291 414 397 95 181 155 173 358 118 290 93 79 206 202 197 164 282 362 186 259 274 369 80 84 134 259 332 225 350 81 98 42 105 390 152 154 343 161 178 47 111 259 278 162 417 66 103 250 86 146 85 310 227 201 249 136 323 362 252 184 153 289 291 284 321 103 311 225 138 195 160 209 398 105 180 252 167 193 267 170 147 114 299 209 318 316 236 173 233 323 303 399 334 142 208 233 92 208 294 96 244 165 443 142 284 197 153 258 135 175 235 237 143 164 122 111 309 135 104 158 15 176 88 98 165 178 137 169 124 80 354 80 403 427 345 184 216 236 255 179 285 210 252 55 30 74 283 102 116 209 97 356 102
172 249 161 293 113 54 72 242 324 27 342 169 56 135 122 186 155 111 274 127 320 235 214 104 133 433 246 313 420 74 237 62 281 324 190 82 282 0 309 214 270 80 228 181 96 340 150 155 152 154 286 273 437 302 231 397 56 366 213 307 135 477 381 231 81 96 53 15 152 255 207 365 139 63 128 70 362 375 239 212 117 434 259 334 290 460 293 342 239 315 240 185 303 383 276 212 428 310 119 292 155 38 384 240 385 226 462 263 205 69 230 345 213 93 361 154 306 124 72 159 242 117 307 273 182 234 302 428 248 239 328 154 118 327 266 340 47 267 164 365 355 140 250 206 305 14 354 40 379 188 405 305 150 137 109 360 368 282 69 345 365 389 272 308 240 326 319 280 343 302 378 336 189 221 113 403 362 78 354 182 158 361 218 232 297 227 454 354 336 96 308 285 210 263 376 222 273 266 228 350
143 83 237 21 343 353 243 220 145 291 51 147 360 316 208 160 222 287 39 223 216 116 344 354 192 155 66 107 157 240 285 368 310 115 184 260 63 309 0 105 51 374 89 195 238 94 176 285 426 404 158 245 150 123 341 131 305 62 132 270 252 195 101 258 386 217 277 304 371 58 137 184 310 350 226 379 78 120 84 163 408 148 117 302 113 173 18 163 320 234 225 420 125 115 313 141 142 24 313 183 254 272 177 300 313 312 191 114 271 330 343 276 100 319 166 183 145 197 236 404 82 195 316 125 250 240 119 147 85 273 272 313 320 185 134 179 353 271 404 286 79 208 296 102 159 322 138 269 101 451 173 348 249 196 261 186 111 298 253 80 101 151 70 372 198 160 101 50 235 30 82 225 236 117 202 103 87 375 55 404 441 299 160 277 192 229 192 233 272 296 111 91 101 345 127 101 273 161 339 44
41 97 134 86 271 253 157 138 133 201 129 85 268 210 103 57 174 221 86 117 171 41 304 278 124 220 69 167 209 141 265 276 228 180 85 156 68 214 105 0 91 286 16 160 164 129 71 234 347 332 112 171 223 171 307 185 223 155 38 204 146 264 200 240 294 118 192 206 306 75 39 179 205 264 165 282 148 164 25 71 323 220 137 316 157 246 87 153 227 258 142 353 106 170 229 47 214 117 247 210 150 181 189 278 344 217 251 138 240 226 246 301 64 245 232 77 189 93 141 333 86 114 241 154 150 227 168 215 98 256 214 259 253 229 156 231 256 266 335 317 175 151 207 45 199 226 152 177 199 377 202 266 144 90 195 177 201 218 171 170 193 183 110 287 118 141 168 66 196 113 164 185 137 105 101 190 148 286 143 340 360 325 148 187 219 215 245 275 217 190 104 77 16 254 167 85 194 101 305 150
118 32 224 51 295 318 201 225 177 250 101 102 319 296 182 148 172 239 13 201 239 119 293 307 146 206 25 79 207 206 234 327 316 90 176 231 86 270 51 91 0 331 78 144 192 137 153 234 379 356 178 255 202 88 290 180 261 112 127 284 233 246 114 207 344 184 233 267 322 16 129 220 291 307 178 340 128 167 81 161 363 200 69 258 75 224 48 197 318 192 229 370 153 164 318 136 194 41 264 141 240 232 218 249 275 308 242 67 219 300 337 235 57 272 144 164 109 169 199 355 32 153 326 81 241 190 84 198 34 223 291 263 271 150 88 147 316 222 355 247 88 159 297 67 121 284 178 229 113 403 218 354 233 173 213 221 111 306 210 81 103 197 24 377 204 190 78 71 261 32 133 251 229 66 172 154 136 332 106 354 395 258 109 277 150 179 242 198 292 271 142 116 79 344 173 52 281 175 287 83
245 306 240 360 77 86 131 321 403 85 412 228 28 202 201 264 184 116 337 207 400 312 188 58 185 507 309 361 495 152 236 30 356 370 270 162 354 80 374 286 331 0 300 216 140 415 228 154 73 86 365 352 510 347 209 472 70 434 290 385 213 551 436 239 25 172 97 93 103 317 285 444 208 24 163 54 434 450 311 291 37 507 306 336 337 533 360 421 311 334 320 119 381 457 351 290 501 372 105 322 233 106 462 234 392 298 537 310 208 127 297 356 274 78 400 233 345 202 146 93 300 179 382 317 261 248 347 502 304 242 407 138 99 359 309 374 68 272 100 376 411 180 325 272 342 74 432 110 433 111 482 376 228 216 130 440 419 357 120 399 418 466 328 377 320 405 368 351 423 363 448 416 268 274 190 473 435 5 423 123 78 368 258 308 326 245 530 377 415 168 384 361 281 332 452 280 350 346 206 413
57 88 149 69 282 269 170 148 128 215 114 91 282 226 119 72 180 231 71 134 173 44 310 290 132 207 58 156 198 156 267 290 238 168 99 172 54 228 89 16 78 300 0 163 174 117 87 241 359 343 113 179 209 162 312 173 235 139 49 211 162 251 185 241 309 133 205 221 316 63 51 174 221 277 173 297 134 152 12 82 336 206 130 313 147 232 71 149 240 253 152 363 101 157 240 58 200 101 257 204 166 195 181 280 339 230 238 130 244 243 260 297 61 257 221 94 180 109 156 344 78 125 250 146 164 227 158 201 89 258 219 266 263 220 150 221 271 266 346 311 160 157 219 45 191 241 144 191 184 389 193 276 160 107 205 172 187 228 183 155 178 173 98 298 127 137 156 51 197 98 149 187 151 101 117 175 134 300 127 350 372 320 147 199 213 215 233 268 222 207 97 68 20 266 155 80 204 104 309 134
143 112 234 190 161 236 112 281 291 155 244 77 213 271 169 188 32 105 155 193 329 201 150 177 62 349 132 148 347 153 105 223 360 157 215 191 208 181 195 160 144 216 163 0 84 270 162 91 248 219 273 317 346 132 150 320 147 257 191 352 225 390 228 81 236 144 130 186 182 138 189 337 270 192 54 243 270 304 175 217 242 344 95 173 124 368 189 312 340 137 283 229 264 304 359 198 337 183 127 110 242 146 343 118 216 327 384 99 80 238 346 173 105 143 184 177 129 154 135 217 112 88 379 103 259 72 133 341 110 97 367 120 135 145 94 160 227 112 216 192 206 41 332 118 126 195 304 145 225 267 351 395 234 172 85 336 208 353 112 193 208 330 130 410 265 300 157 197 355 173 277 345 254 77 145 298 277 219 250 212 266 193 44 310 115 60 383 173 371 233 259 230 144 368 309 95 333 260 147 223
128 166 182 226 108 151 31 247 294 70 280 91 132 198 118 164 60 59 200 138 312 198 158 116 46 380 171 222 372 82 154 141 313 232 183 120 228 96 238 164 192 140 174 84 0 291 128 86 188 168 264 283 381 209 169 347 69 299 180 320 166 423 296 142 156 85 46 102 142 180 176 339 200 115 32 159 304 327 187 195 171 378 167 245 198 404 226 314 283 220 248 189 268 331 310 184 372 234 84 195 185 62 351 162 293 270 413 171 121 156 284 252 137 82 266 140 211 108 63 169 161 49 335 179 208 142 209 374 164 153 337 102 89 230 172 244 142 178 171 271 271 44 283 138 209 110 316 62 293 215 366 344 177 128 35 336 279 309 27 259 278 347 188 355 237 299 229 221 337 225 315 329 207 134 95 339 306 142 290 176 203 269 123 261 200 134 408 258 344 158 268 241 154 310 330 140 293 247 166 275
169 167 224 86 399 375 286 175 63 329 53 205 396 308 222 159 292 348 124 228 140 106 421 407 249 92 139 201 80 266 369 403 255 209 170 273 63 340 94 129 137 415 117 270 291 0 191 355 476 460 97 188 99 217 420 56 352 76 128 203 247 137 177 342 422 244 321 331 433 136 135 91 301 393 289 407 43 35 104 144 451 96 207 395 207 121 89 75 280 327 180 480 57 43 261 132 90 118 373 277 241 309 82 383 408 275 122 205 350 343 308 370 165 374 258 190 240 216 269 461 162 243 255 218 227 325 213 89 169 358 199 381 380 280 225 273 380 360 463 380 162 272 250 156 253 352 44 305 179 506 81 291 238 207 321 95 196 243 300 168 185 59 161 317 156 78 195 73 155 125 63 145 211 197 227 85 32 415 65 467 489 393 243 236 286 314 116 328 197 300 43 55 137 300 38 176 218 110 418 112
34 147 77 157 228 184 109 121 175 143 199 90 206 142 32 37 162 186 151 48 184 85 284 230 105 283 128 222 270 76 263 213 198 234 55 85 135 150 176 71 153 228 87 162 128 191 0 211 294 285 140 158 289 220 292 247 171 226 63 194 80 328 267 242 232 55 141 140 266 136 57 217 138 207 143 216 216 225 95 67 265 286 179 333 206 311 158 194 182 286 123 310 153 234 197 62 280 186 210 243 90 122 234 274 371 170 312 181 233 156 194 327 106 201 284 15 234 26 83 287 137 82 217 197 100 234 218 280 148 257 211 230 214 269 196 275 189 274 291 345 241 135 171 88 240 161 204 118 266 327 254 233 82 20 163 214 264 191 124 234 257 238 166 250 109 178 224 137 209 180 234 201 92 139 38 260 214 227 213 300 304 349 169 149 251 222 304 311 217 119 157 135 75 210 226 126 172 121 289 221
206 203 268 278 82 205 115 332 367 129 333 150 163 278 205 245 63 44 245 225 394 273 72 102 111 437 220 235 433 167 83 172 399 242 267 203 291 155 285 234 234 154 241 91 86 355 211 0 167 133 342 368 435 217 83 407 102 347 258 405 251 479 317 85 179 171 106 167 93 227 254 413 281 135 69 196 359 389 254 276 170 433 185 183 211 457 277 388 369 182 333 139 341 391 396 262 426 274 49 178 271 133 423 85 238 355 472 189 53 224 367 202 190 76 260 225 209 194 149 130 202 129 422 190 294 95 219 430 201 87 422 29 56 213 180 231 190 118 127 221 296 83 369 198 203 166 385 135 314 180 434 430 264 214 53 411 295 396 104 283 297 413 221 440 321 375 244 282 419 264 367 410 293 168 181 388 364 159 340 121 187 214 132 348 179 94 469 225 428 237 338 310 221 395 394 183 379 327 80 314
307 351 313 414 87 158 189 394 469 151 468 279 101 275 270 331 216 143 387 278 471 376 170 72 234 566 360 397 557 220 236 101 430 405 340 234 414 152 426 347 379 73 359 248 188 476 294 167 0 38 434 425 568 380 192 532 124 487 356 459 287 611 476 247 87 239 155 166 79 368 350 512 281 88 202 119 491 512 371 360 42 565 343 333 373 591 414 488 384 346 392 62 446 517 424 356 559 421 121 345 306 171 529 230 389 372 598 348 216 200 369 359 325 107 426 301 375 268 211 45 347 234 456 351 334 261 381 561 349 245 480 141 113 380 342 398 140 275 53 378 453 221 399 326 369 147 496 176 473 37 547 450 301 285 166 508 456 431 176 440 457 529 372 450 391 472 405 408 494 412 503 487 341 317 256 528 493 77 478 77 20 367 292 382 346 261 592 390 488 242 449 423 339 405 514 327 424 414 190 462
294 326 313 394 61 172 176 392 458 146 448 258 113 285 264 322 187 117 365 275 466 364 131 54 213 549 337 367 541 214 199 116 436 375 334 235 397 154 404 332 356 86 343 219 168 460 285 133 38 0 425 424 549 350 153 516 113 466 344 459 288 592 448 211 107 231 143 169 42 345 339 502 291 91 178 139 472 496 355 352 68 547 315 294 343 572 393 478 393 310 391 32 434 500 431 346 540 397 92 311 308 165 517 192 351 380 581 319 180 212 380 322 304 86 393 294 343 260 202 7 323 217 461 322 336 225 351 543 324 208 480 106 85 347 312 364 154 237 15 340 426 196 404 307 336 153 483 169 445 47 534 458 303 278 142 498 427 436 162 413 428 515 347 460 387 463 376 390 490 387 483 483 341 291 247 507 475 91 457 40 59 328 263 386 312 227 577 353 488 249 435 409 323 415 499 303 426 406 151 438
136 198 143 140 368 310 249 80 44 282 141 196 342 224 164 102 285 323 167 161 60 71 414 370 231 176 166 256 154 214 378 348 159 267 96 208 95 286 158 112 178 365 113 273 264 97 140 342 434 425 0 92 188 266 419 140 312 168 84 111 169 217 258 353 367 195 281 274 405 168 88 78 216 346 272 347 139 118 103 74 403 185 241 426 253 207 143 57 183 365 84 450 39 133 164 80 180 181 348 315 159 262 99 391 451 179 194 241 352 272 212 409 174 341 320 132 287 165 223 427 189 215 161 256 139 340 263 176 199 369 113 364 353 328 261 326 319 378 431 423 237 260 153 157 299 295 81 258 258 467 125 195 158 149 298 74 270 146 263 238 259 116 202 221 63 40 253 111 84 183 160 73 124 215 178 182 129 364 155 440 443 432 260 140 324 328 182 377 114 225 54 66 129 203 114 193 121 20 416 193
