0 282 388 108 11 414 330 207 347 241 355 498 125 255 169 414 115 464 26 166 126 430 484 250 458 422 385 100 424 368 520 242 429 469 155 483 323 160 208 179 397 413 484 229 195 339 303 258 140 147 212 217 396 324 464 151 485 485 324 264 226 263 306 78 382 133 74 426 532 219 261 117 42 278 230 231 170 61 528 255 224 138 340 184 72 528 191 350 114 397 144 331 79 370 106 476 366 166 477 173 306 426 415 467 271 237 301 167 360 148 42 109 486 383 233 76 367 411 98 135 277 417 241 170 284 407 483 371 532 180 327 311 108 511 312 56 354 446 43 225 378 272 505 55 89 426 190 520 194 479 271 261 358 377 402 237 232 321 502 268 81 397 149 368 98 354 19 311 37 38 306 485 447 453 215 450 297 510 206 349 462 288 80 446 201 532 135 473 529 218 248 140 137 165 135 434 173 278 320 218
282 0 262 258 271 145 85 255 160 52 243 286 276 107 117 153 241 183 259 182 196 156 217 102 244 168 237 275 145 184 249 50 150 302 131 299 231 228 221 219 234 196 238 53 177 225 21 143 188 237 77 125 184 42 182 269 202 298 49 170 85 180 195 205 128 178 235 148 249 242 97 211 240 235 222 113 194 232 248 127 146 238 84 217 286 245 91 158 321 121 175 101 337 257 240 205 95 120 301 120 175 214 135 189 232 94 56 133 79 144 272 178 304 124 59 298 177 175 194 285 9 137 202 203 260 139 201 89 250 265 109 194 178 228 184 314 104 191 291 103 175 131 226 244 236 146 169 245 117 226 28 173 126 110 148 57 85 73 224 70 256 201 152 244 340 160 264 145 262 253 145 220 276 170 117 196 16 234 167 138 220 49 237 260 214 249 304 212 246 85 122 262 246 265 246 154 260 17 127 179
388 262 0 434 383 225 190 479 106 296 33 151 458 172 307 205 424 295 363 223 385 353 242 179 133 190 32 444 328 444 427 238 332 88 316 111 491 233 184 212 49 127 195 268 405 49 266 397 248 248 247 192 119 261 324 466 325 115 237 424 216 433 85 324 188 259 313 260 375 473 354 395 356 486 460 187 410 376 393 157 389 256 200 206 338 363 273 419 338 244 374 169 390 19 286 250 323 311 100 323 436 119 322 272 481 342 208 245 291 332 351 341 112 357 237 345 436 158 298 287 270 263 147 218 509 220 306 287 376 476 370 455 298 334 86 378 351 200 365 346 431 390 386 387 403 266 396 413 223 209 288 130 159 340 380 299 209 198 291 197 417 96 348 20 376 420 380 117 394 383 407 237 74 313 199 416 255 289 184 135 179 311 398 89 442 348 304 221 355 225 375 455 440 470 262 329 236 279 135 170
108 258 434 0 99 402 327 100 369 206 403 518 24 274 145 407 17 438 112 218 61 383 474 268 477 420 424 19 384 289 465 234 388 506 131 514 226 233 274 247 431 429 488 209 111 385 276 181 194 225 208 244 412 298 430 44 453 515 306 179 234 174 349 116 379 179 151 405 493 114 201 46 101 177 129 253 83 66 484 282 149 217 333 251 175 492 180 275 220 379 83 335 186 419 187 463 321 141 511 138 222 444 375 447 170 183 295 189 325 116 142 94 518 330 228 182 289 418 142 231 249 394 296 232 179 396 456 338 493 72 265 221 137 480 350 164 300 444 150 169 304 199 459 61 31 403 111 469 214 479 238 304 363 328 344 201 241 316 482 272 26 419 105 414 206 280 94 336 71 76 230 477 482 420 238 388 274 492 252 362 467 244 38 475 102 501 236 468 495 224 179 33 31 57 217 395 257 248 337 268
11 271 383 99 0 404 321 197 340 229 350 491 118 247 157 404 105 454 20 160 114 418 474 242 451 413 380 93 413 357 508 232 418 464 144 477 312 157 205 176 391 406 475 218 183 334 293 246 135 145 202 210 388 313 453 143 474 479 314 253 216 251 300 69 373 126 71 416 521 209 249 106 32 267 219 223 159 50 517 248 212 137 330 181 77 517 180 338 121 387 132 322 90 366 104 466 354 154 471 161 295 418 404 457 261 226 292 159 349 136 44 97 480 372 223 83 355 403 90 138 266 406 236 166 274 397 472 360 521 171 315 299 99 500 306 66 342 437 50 213 367 260 493 44 78 415 178 508 186 470 260 255 349 365 390 225 223 311 492 259 72 390 137 363 107 342 7 304 28 27 294 475 441 442 207 438 286 500 201 341 453 276 70 439 190 521 140 463 518 208 236 132 127 157 134 423 173 267 312 213
414 145 225 402 404 0 86 397 130 198 225 170 421 173 258 21 386 72 389 278 340 136 72 175 136 41 193 419 109 267 202 173 112 219 273 204 347 319 290 302 179 105 103 193 320 215 129 275 295 332 202 211 106 108 99 415 102 200 96 300 190 311 205 335 42 291 355 34 155 382 230 355 372 365 360 195 338 370 169 184 286 335 75 298 402 144 227 247 428 31 320 93 457 231 349 62 133 262 212 264 290 120 106 58 363 234 112 249 104 287 396 318 209 160 181 413 259 71 318 383 154 40 255 292 390 7 87 93 156 410 205 310 306 117 189 436 170 54 414 246 247 259 160 383 379 41 313 187 224 86 169 216 78 144 178 203 184 93 90 148 398 130 297 216 454 246 398 151 400 389 258 75 198 87 209 202 128 97 245 103 91 174 379 173 356 136 403 69 139 196 258 408 391 410 344 108 343 158 125 248
330 85 190 327 321 86 0 337 83 134 178 201 348 87 182 83 312 150 305 191 267 172 153 89 159 93 161 343 150 255 258 93 155 218 196 214 314 234 208 218 155 111 160 119 259 162 80 228 208 246 121 125 99 71 166 345 178 213 47 255 104 265 141 251 52 205 269 108 231 325 182 281 288 320 306 109 273 289 239 101 230 249 14 214 315 222 148 231 342 80 248 20 370 189 263 146 133 186 217 190 258 129 143 143 317 178 32 163 102 211 310 238 219 167 100 327 248 92 233 297 94 103 177 207 345 79 167 100 231 345 182 277 222 198 126 350 161 117 329 187 241 216 224 302 302 111 250 248 138 152 113 139 41 150 191 138 98 12 177 62 321 117 223 175 368 232 314 83 318 307 226 154 193 152 122 231 72 183 160 57 140 130 301 175 296 218 317 143 219 112 208 337 320 343 258 155 259 102 58 165
207 255 479 100 197 397 337 0 397 203 451 538 90 309 171 408 91 417 208 283 105 345 469 301 496 424 464 113 352 220 415 251 356 541 163 544 137 310 343 320 467 447 494 221 78 432 269 131 264 305 234 288 433 289 401 62 426 544 304 115 265 105 396 195 384 246 237 392 458 20 169 102 192 84 46 292 70 155 444 322 111 298 339 323 270 460 206 213 317 370 107 350 286 467 272 455 291 168 543 156 152 464 345 432 79 162 305 240 304 149 237 153 548 289 248 278 222 430 216 321 246 380 357 302 81 393 433 317 458 31 220 144 205 453 393 264 261 446 247 152 239 150 419 155 120 388 87 423 257 481 229 354 378 292 296 199 272 325 465 293 125 445 132 459 305 217 191 369 169 172 171 473 515 394 281 334 271 477 308 384 476 224 129 503 41 473 329 466 465 255 141 69 69 46 300 363 338 240 363 326
347 160 106 369 340 130 83 397 0 201 98 151 392 95 229 113 356 203 321 187 313 249 170 101 111 106 77 383 225 339 328 147 229 144 241 146 392 217 178 197 73 67 145 177 320 85 161 301 210 232 164 130 50 154 228 395 233 146 131 328 136 338 77 273 89 214 277 163 286 388 256 325 309 392 372 118 329 320 299 91 297 238 94 192 315 274 193 314 331 142 298 63 371 106 260 172 217 233 145 242 336 78 218 185 388 248 104 183 184 257 319 275 150 250 149 325 331 79 250 281 169 163 138 193 416 123 216 181 286 400 265 355 244 247 61 354 245 124 335 253 325 291 289 333 341 169 310 315 157 148 188 100 55 233 274 205 128 93 211 104 357 50 272 92 363 315 335 36 344 333 306 167 118 215 133 311 151 213 146 29 123 209 337 106 358 264 300 151 269 146 279 385 368 395 246 227 234 178 34 142
241 52 296 206 229 198 134 203 201 0 273 335 224 127 72 206 190 231 220 170 145 189 270 120 293 221 274 225 184 171 279 58 189 345 85 345 195 216 219 211 274 245 291 31 125 254 70 101 169 221 64 129 231 91 226 216 248 344 102 128 89 137 221 167 180 155 203 199 292 191 60 160 199 191 172 122 141 186 287 146 96 220 135 210 254 289 60 145 294 173 123 148 302 288 215 258 125 75 345 70 143 262 174 240 187 46 102 114 120 96 236 133 349 145 62 267 165 226 161 265 43 187 210 192 215 192 249 133 292 213 103 161 144 275 213 278 118 244 255 53 169 95 264 198 187 196 116 279 108 279 31 190 174 136 166 5 94 122 275 99 206 246 102 277 308 149 222 179 217 208 118 273 319 215 120 215 69 285 167 183 272 48 188 304 162 296 283 265 292 83 79 210 193 213 227 194 248 41 166 182
355 243 33 403 350 225 178 451 98 273 0 176 427 146 279 206 393 297 329 190 354 347 252 154 153 194 46 413 323 427 426 215 327 120 288 141 469 200 151 179 65 136 210 244 378 19 249 374 215 215 220 162 125 247 324 436 327 144 224 401 189 409 55 292 186 227 280 259 379 445 332 365 323 461 433 159 381 343 395 130 363 223 190 173 304 367 246 401 306 240 345 158 356 16 252 258 312 283 131 295 415 132 316 277 456 319 191 214 280 303 318 310 142 345 212 312 420 163 266 254 251 261 114 185 483 219 310 278 380 447 352 434 266 339 60 345 338 207 331 321 416 368 386 355 372 265 368 412 194 221 268 99 153 329 370 276 183 185 299 175 385 104 319 16 343 403 347 98 362 351 387 248 103 312 170 408 237 298 151 127 192 292 367 114 414 355 271 231 361 199 352 425 409 440 229 325 203 260 120 137
498 286 151 518 491 170 201 538 151 335 176 0 541 245 375 150 505 216 472 335 460 303 139 252 42 130 130 532 277 437 351 288 279 80 388 53 510 359 315 338 113 90 78 317 459 181 278 428 359 374 310 281 106 261 251 541 241 47 241 455 284 465 202 424 161 364 426 199 280 526 382 474 460 520 507 269 472 471 303 242 431 381 201 333 461 265 340 415 472 201 444 188 516 169 407 154 302 380 67 387 453 74 276 187 517 379 232 335 271 404 468 425 56 330 292 471 429 111 401 420 295 208 274 338 545 170 218 261 281 544 370 472 395 238 192 501 338 118 484 388 417 415 306 483 490 206 450 333 308 100 314 242 160 315 349 340 277 213 189 247 507 100 418 160 506 415 486 186 495 484 420 132 79 244 284 369 271 181 293 156 80 328 488 62 497 245 439 121 255 294 408 532 515 541 389 273 370 302 181 286
125 276 458 24 118 421 348 90 392 224 427 541 0 297 166 427 35 454 133 242 81 396 493 290 499 440 448 25 398 293 476 255 402 530 152 538 223 257 298 271 455 450 509 229 118 409 294 188 219 248 230 268 434 316 445 28 468 538 325 183 256 177 373 140 399 203 174 423 507 107 213 67 123 172 126 276 92 90 497 306 158 240 353 275 195 507 201 282 239 397 100 356 201 443 210 482 335 162 534 157 225 466 389 464 166 197 315 213 341 137 162 117 541 342 249 201 294 439 166 253 267 411 321 256 171 415 472 354 507 59 275 223 162 495 374 181 312 464 168 183 310 207 472 83 55 420 121 481 237 499 255 328 385 341 354 219 264 336 499 293 48 442 124 438 222 286 114 359 90 97 236 496 505 435 262 398 292 509 276 385 488 259 62 498 102 516 257 487 510 246 189 22 33 44 241 409 280 265 359 292
255 107 172 274 247 173 87 309 95 127 146 245 297 0 137 166 262 238 230 105 219 247 235 7 205 170 154 288 229 290 338 69 234 233 148 240 323 146 123 130 159 158 228 97 233 127 120 228 124 158 74 39 141 127 251 301 265 240 111 254 43 262 93 179 134 124 188 195 318 301 187 231 216 314 287 24 239 225 324 20 216 162 101 127 231 310 102 264 255 167 206 80 287 162 178 231 195 141 237 152 271 172 220 231 309 172 73 89 169 164 230 180 244 227 66 243 283 156 157 209 112 190 97 119 337 165 255 173 318 308 216 288 150 286 86 268 211 194 248 174 282 222 307 238 245 198 224 330 62 225 127 66 104 212 252 130 36 84 263 38 262 145 180 152 283 266 242 62 250 239 244 235 208 238 40 297 108 269 72 93 206 153 242 200 270 306 230 221 307 54 205 291 275 303 171 235 172 121 65 79
169 117 307 145 157 258 182 171 229 72 279 375 166 137 0 262 130 300 148 128 85 261 330 130 333 275 292 161 256 221 351 88 261 371 14 376 213 168 186 170 296 285 342 65 100 260 137 121 118 170 65 117 269 158 297 165 318 376 163 141 94 146 224 96 233 101 136 264 363 166 103 99 127 190 155 120 102 115 359 150 96 166 188 171 187 360 36 198 229 237 69 190 232 295 154 320 197 4 374 17 173 301 246 306 185 78 150 74 192 28 166 61 380 215 83 199 217 273 95 206 110 254 191 150 210 252 318 203 363 170 164 186 77 345 221 207 187 299 185 69 225 127 336 127 121 263 90 351 87 333 103 183 218 208 235 67 101 171 341 128 140 278 42 287 240 202 150 199 146 137 159 332 345 286 109 284 132 351 143 219 322 119 121 335 135 366 223 323 362 83 102 156 139 166 172 265 201 110 195 160
414 153 205 407 404 21 83 408 113 206 206 150 427 166 262 0 392 90 389 271 346 158 69 169 115 20 172 424 131 286 223 175 134 197 277 182 363 311 280 294 158 83 87 198 330 197 139 288 290 324 204 206 85 119 119 422 120 179 104 313 188 324 190 335 32 288 352 55 172 394 243 361 372 379 372 190 347 373 188 176 297 329 75 289 397 161 230 265 422 50 327 86 453 211 344 64 151 267 190 269 306 99 128 71 377 245 113 247 121 291 393 321 187 180 182 409 278 49 317 375 162 61 243 285 404 19 103 111 173 419 222 326 306 133 174 433 188 38 412 256 267 272 180 386 384 63 322 208 221 73 178 204 65 164 199 211 181 93 100 145 402 109 302 197 450 265 398 137 401 391 274 70 176 108 204 223 137 103 237 88 72 186 383 152 366 150 396 60 155 195 270 415 398 419 337 129 334 167 113 238
115 241 424 17 105 386 312 91 356 190 393 505 35 262 130 392 0 421 116 211 45 366 459 255 463 405 413 36 367 273 448 219 371 495 117 502 212 229 268 242 420 415 473 194 94 375 260 164 188 222 194 233 398 282 413 44 436 503 290 163 221 158 339 112 363 172 150 389 476 103 183 31 102 164 116 241 67 65 467 271 132 214 318 246 179 475 165 259 225 363 66 320 194 410 186 447 304 126 499 122 206 430 358 430 158 165 280 179 308 101 145 83 506 313 213 187 272 403 136 232 233 378 289 226 169 380 439 321 476 67 247 206 130 463 339 172 283 429 155 152 287 182 442 63 28 387 94 452 202 464 221 294 349 311 327 185 228 301 465 258 35 406 89 404 213 263 99 324 77 80 213 461 470 403 227 371 258 476 243 349 453 227 37 462 89 484 239 452 478 210 162 33 22 54 216 377 254 231 324 259
464 183 295 438 454 72 150 417 203 231 297 216 454 238 300 90 421 0 441 340 376 96 80 238 190 105 263 456 74 251 136 223 73 278 314 259 343 384 358 368 247 170 139 236 344 287 162 287 355 396 253 274 175 141 35 444 30 255 140 309 247 320 278 386 114 349 411 42 83 400 248 391 422 370 375 258 366 415 97 251 306 399 136 365 460 72 273 235 489 70 355 162 514 302 409 63 128 304 269 302 290 183 78 29 370 259 169 305 113 327 450 361 264 141 232 472 243 137 372 446 190 48 325 357 395 79 18 100 83 434 204 308 358 48 262 492 163 102 469 272 227 269 92 428 419 39 338 119 282 117 200 286 150 131 151 236 242 154 49 207 438 199 334 287 513 234 447 222 446 436 259 88 260 31 270 157 167 62 310 175 137 195 420 234 377 69 467 95 69 252 275 438 422 437 407 66 410 190 197 315
26 259 363 112 20 389 305 208 321 220 329 472 133 230 148 389 116 441 0 140 117 409 459 225 432 396 360 109 403 355 500 218 408 444 135 457 316 137 184 155 371 387 458 206 186 314 281 245 115 125 188 191 370 301 442 156 462 459 300 254 200 253 280 54 357 107 50 402 509 217 244 111 21 273 226 205 163 53 506 229 211 116 315 160 62 505 168 335 108 373 133 305 87 345 84 451 345 145 451 154 295 400 393 443 267 220 277 142 338 130 29 92 460 364 209 70 353 386 72 120 254 393 216 145 282 382 459 349 509 184 309 301 83 487 286 62 335 421 42 208 364 258 484 53 88 402 180 499 168 454 250 235 332 357 383 216 207 296 478 243 86 371 134 343 101 340 20 285 43 36 292 459 421 430 189 432 274 486 181 324 436 268 79 420 197 509 124 447 506 193 233 145 139 170 114 412 153 256 294 192
166 182 223 218 160 278 191 283 187 170 190 335 242 105 128 271 211 340 140 0 179 336 340 102 297 275 219 225 322 339 429 131 327 303 128 317 342 46 60 42 231 254 329 141 223 173 201 249 25 56 108 66 236 215 351 255 366 319 205 270 97 275 140 103 239 38 92 298 418 283 222 186 133 317 278 82 216 155 422 97 224 58 204 43 128 411 112 315 150 269 176 185 184 206 73 336 277 130 311 145 300 265 313 335 311 200 171 56 258 139 133 131 320 305 122 139 334 258 77 106 182 292 78 22 335 270 358 265 418 272 273 314 81 389 146 167 282 298 149 194 339 251 403 166 186 300 213 423 64 328 188 95 209 292 329 169 100 186 368 133 198 234 155 203 178 318 157 150 172 160 282 340 281 337 70 377 190 374 41 194 307 214 180 280 253 409 126 326 409 96 228 244 230 262 66 330 79 188 164 52
126 196 385 61 114 340 267 105 313 145 354 460 81 219 85 346 45 376 117 179 0 324 413 212 418 359 372 79 324 244 409 173 329 453 72 459 199 204 238 215 378 370 427 148 69 336 215 133 159 200 149 192 354 237 369 82 392 459 245 138 177 136 299 91 318 141 136 344 433 108 144 14 97 157 111 199 47 64 425 229 99 193 272 217 175 432 120 227 223 317 22 275 203 371 169 402 262 81 456 76 180 386 315 385 151 124 234 140 264 56 144 48 463 273 168 185 243 358 111 219 188 333 254 197 169 335 394 277 433 93 210 185 99 419 299 179 243 383 159 110 256 148 401 71 45 342 64 412 161 418 176 256 304 270 288 140 184 255 420 213 64 363 43 364 219 231 107 281 91 87 182 415 427 359 186 334 212 430 207 304 407 184 50 419 82 440 229 406 435 166 126 72 55 85 196 335 233 186 279 224
430 156 353 383 418 136 172 345 249 189 347 303 396 247 261 158 366 96 409 336 324 0 175 245 272 178 322 402 26 157 92 206 24 355 274 340 254 383 369 372 310 240 229 206 279 333 135 214 344 392 233 275 239 121 66 381 90 337 136 231 239 242 314 356 165 334 389 104 113 326 182 339 389 287 300 261 304 374 101 266 239 393 159 369 441 116 244 145 477 110 302 191 491 356 396 157 64 264 348 257 205 257 30 124 288 200 174 290 78 283 424 321 345 55 215 453 150 206 348 441 158 96 344 357 311 139 106 73 112 366 125 221 332 114 299 467 84 185 444 214 133 194 76 385 369 97 275 89 272 208 159 308 194 54 56 193 237 169 144 210 389 263 286 341 495 143 411 256 405 397 176 182 333 65 269 65 146 157 316 220 223 142 373 310 307 131 460 187 122 240 207 377 362 372 401 31 413 154 230 326
484 217 242 474 474 72 153 469 170 270 252 139 493 235 330 69 459 80 459 340 413 175 0 238 120 66 211 492 150 324 212 244 151 208 345 186 410 378 345 360 193 116 60 265 392 246 201 344 359 392 273 275 128 179 116 487 102 181 168 368 258 379 247 405 102 358 422 80 141 453 300 428 442 432 430 259 411 442 164 244 357 397 144 356 467 127 298 306 490 99 393 155 523 253 413 17 193 334 197 336 355 123 152 51 431 306 182 317 169 359 463 389 190 214 252 478 316 91 387 443 226 92 307 352 457 78 80 156 142 482 268 374 375 99 231 503 230 45 482 318 302 327 167 455 451 86 385 193 291 39 241 268 131 200 227 275 251 162 51 215 470 148 369 239 519 305 468 200 471 460 323 7 193 111 274 237 201 46 304 150 66 244 451 168 427 109 463 21 118 265 328 480 463 483 405 144 400 230 178 304
250 102 179 268 242 175 89 301 101 120 154 252 290 7 130 169 255 238 225 102 212 245 238 0 211 174 162 281 227 284 336 62 233 240 141 247 316 145 124 130 166 164 233 90 226 135 117 221 120 157 67 36 146 125 251 294 265 247 109 247 36 255 100 174 136 120 184 196 318 294 180 224 210 307 280 21 232 219 323 25 209 161 102 127 228 310 95 258 253 167 198 83 284 169 175 233 192 134 244 144 264 178 218 232 302 165 72 83 167 156 226 173 251 223 59 240 278 161 152 208 107 190 100 118 329 167 256 171 318 301 211 282 144 287 93 264 206 198 244 167 277 216 306 231 239 198 216 328 56 230 121 71 108 208 248 123 29 84 265 35 255 152 172 159 280 261 237 69 244 233 238 238 215 238 35 294 104 271 72 99 211 148 236 207 263 307 228 225 308 46 198 284 268 296 169 234 172 116 70 80
458 244 133 477 451 136 159 496 111 293 153 42 499 205 333 115 463 190 432 297 418 272 120 211 0 94 106 491 245 399 327 246 248 88 346 68 469 324 281 303 87 48 63 275 417 154 236 387 320 339 268 241 64 221 225 499 217 65 200 413 243 424 170 384 121 325 388 167 261 484 340 432 420 479 465 229 429 430 283 203 389 346 160 298 424 248 297 376 437 165 402 145 480 148 370 133 265 337 78 344 412 32 243 163 476 338 190 294 233 362 429 383 73 294 250 434 391 71 361 386 254 175 240 302 504 134 196 224 262 501 331 432 354 219 157 464 300 88 446 346 380 373 282 442 449 175 408 309 267 82 272 206 118 278 314 297 235 171 172 205 466 62 376 137 471 377 446 147 455 443 380 113 73 216 244 337 230 166 256 114 54 287 446 48 455 229 405 99 238 252 367 490 473 499 353 242 337 261 140 249
422 168 190 420 413 41 93 424 106 221 194 130 440 170 275 20 405 105 396 275 359 178 66 174 94 0 158 436 151 307 240 186 154 177 289 162 383 312 278 294 142 65 70 211 346 186 156 306 294 326 214 210 70 137 136 436 134 159 120 332 196 343 183 343 41 293 358 74 185 410 260 373 380 397 389 194 362 383 202 178 314 331 86 289 402 173 241 285 424 71 340 90 458 198 348 66 172 279 170 282 326 80 148 82 395 262 124 254 142 303 399 332 167 200 193 413 299 32 324 376 178 81 241 286 422 40 115 131 186 434 242 345 314 144 167 438 208 24 418 272 287 291 197 396 395 82 338 224 228 59 195 202 65 185 219 226 189 104 105 153 414 94 315 183 453 285 407 134 411 400 293 65 157 126 209 243 152 107 238 84 53 204 394 132 382 160 397 51 166 204 288 428 411 433 339 149 334 183 112 238
385 237 32 424 380 193 161 464 77 274 46 130 448 154 292 172 413 263 360 219 372 322 211 162 106 158 0 435 296 417 395 217 300 84 302 99 468 236 189 215 19 95 165 248 388 51 239 375 245 251 229 180 87 232 292 454 292 102 209 402 198 412 79 318 156 254 311 227 343 456 331 383 351 465 441 173 394 368 360 143 369 259 171 209 340 330 257 392 346 212 360 141 394 42 287 218 294 296 91 307 412 88 291 240 461 321 181 234 261 318 351 330 102 327 217 349 409 125 293 294 246 230 149 218 488 187 273 257 344 462 343 431 290 302 74 381 323 168 366 325 403 367 353 380 394 234 378 380 210 178 264 124 128 310 350 278 191 170 259 175 409 63 334 30 382 393 376 95 389 378 382 206 62 280 186 385 228 257 179 105 149 286 389 69 425 316 312 189 323 208 353 444 427 457 266 297 243 254 109 167
100 275 444 19 93 419 343 113 383 225 413 532 25 288 161 424 36 456 109 225 79 402 492 281 491 436 435 0 403 308 485 250 408 518 147 527 243 237 279 252 443 443 504 226 130 395 294 200 201 227 223 256 426 316 449 52 472 528 324 198 248 193 359 122 395 186 152 423 512 129 220 64 101 193 146 265 103 70 504 294 168 219 350 256 170 511 195 295 214 396 101 350 175 429 188 481 341 157 523 155 241 458 394 465 187 202 311 201 344 133 137 107 531 350 243 176 308 433 148 229 267 412 304 238 194 413 474 357 512 83 284 240 146 499 361 155 320 460 143 188 323 218 479 61 42 421 131 489 226 495 256 314 379 348 363 220 255 332 500 287 27 433 122 424 196 299 89 349 66 73 249 494 494 439 251 408 292 510 261 377 483 263 46 487 120 520 233 485 514 238 199 44 48 68 219 414 258 266 351 276
424 145 328 384 413 109 150 352 225 184 323 277 398 229 256 131 367 74 403 322 324 26 150 227 245 151 296 403 0 176 108 193 5 329 270 314 270 368 352 356 284 214 203 197 283 309 123 221 332 378 222 259 213 106 49 385 74 310 118 241 224 252 292 349 139 323 380 78 109 334 186 339 383 300 309 245 307 370 103 247 244 380 137 353 431 108 236 162 466 85 302 169 482 331 385 133 62 259 322 254 218 230 9 100 300 201 155 278 65 280 416 317 319 68 203 443 169 180 339 428 149 70 325 342 324 112 86 57 108 372 134 236 323 101 276 459 92 159 436 215 153 202 81 382 368 70 279 101 259 182 153 288 169 60 76 188 222 148 123 192 388 237 284 316 485 160 406 234 401 392 188 157 307 44 253 92 133 136 300 195 196 140 371 283 313 120 447 161 112 226 212 381 365 377 388 10 398 146 207 308
368 184 444 289 357 267 255 220 339 171 427 437 293 290 221 286 273 251 355 339 244 157 324 284 399 307 417 308 176 0 203 223 177 471 228 463 101 384 391 382 411 357 370 202 178 409 178 110 336 388 235 299 349 184 223 271 247 461 207 110 258 117 380 311 278 320 355 245 263 199 118 255 334 145 174 291 206 306 243 310 144 386 248 381 404 269 227 25 449 236 224 276 443 440 375 307 134 221 468 208 68 375 173 275 147 142 236 283 165 228 378 264 468 110 230 416 7 327 315 427 177 233 380 362 165 267 262 175 262 248 74 76 297 271 369 418 98 322 396 151 24 97 218 315 288 238 180 215 280 351 162 356 293 123 101 171 261 246 300 254 304 371 221 427 454 23 349 329 335 330 63 330 447 221 290 122 189 313 338 313 358 136 294 426 191 287 444 331 277 253 122 272 261 258 392 185 417 169 308 353
520 249 427 465 508 202 258 415 328 279 426 351 476 338 351 223 448 136 500 429 409 92 212 336 327 240 395 485 108 203 0 298 103 415 364 395 304 476 461 464 381 305 272 298 357 413 228 288 437 485 326 367 308 213 103 458 110 391 226 300 331 310 398 447 240 427 481 167 83 395 265 423 479 347 369 353 383 462 55 356 317 486 244 462 533 96 336 203 570 185 387 276 582 432 489 196 155 354 405 346 266 319 117 164 349 285 264 382 171 372 516 410 400 136 308 545 199 272 440 534 251 165 433 449 368 207 132 165 82 440 200 278 423 117 383 558 166 239 535 299 180 269 45 473 455 161 355 20 365 251 251 397 273 143 121 283 329 257 164 301 473 333 373 418 587 199 500 340 493 485 244 219 396 114 361 81 239 175 408 299 273 232 458 371 381 119 553 230 107 333 286 456 442 447 494 103 506 246 314 417
242 50 238 234 232 173 93 251 147 58 215 288 255 69 88 175 219 223 218 131 173 206 244 62 246 186 217 250 193 223 298 0 198 291 102 293 254 178 172 169 218 198 254 30 173 196 70 159 139 187 30 76 182 86 226 253 245 292 82 186 36 195 162 163 145 129 189 184 295 241 118 188 200 247 224 67 183 197 295 88 151 187 100 167 238 289 54 197 272 155 156 101 291 229 191 235 145 93 292 98 201 214 184 224 243 104 61 84 127 117 227 145 297 174 9 251 217 184 149 235 51 175 157 152 271 166 241 136 295 255 151 219 135 270 154 269 153 210 247 108 217 153 274 210 209 184 163 294 67 245 61 133 130 161 198 61 38 82 259 43 227 194 130 219 293 200 225 122 227 216 175 246 265 214 68 246 59 268 118 133 233 88 208 252 210 291 254 235 289 34 137 244 227 252 195 201 209 58 112 131
429 150 332 388 418 112 155 356 229 189 327 279 402 234 261 134 371 73 408 327 329 24 151 233 248 154 300 408 5 177 103 198 0 332 274 316 272 374 357 362 288 217 205 202 287 314 129 225 337 384 227 264 216 112 46 389 72 313 123 244 230 255 296 354 143 328 385 80 104 337 190 343 388 302 312 250 311 375 98 252 248 385 142 359 436 104 241 163 471 88 306 173 487 335 390 134 67 264 324 259 221 233 14 100 302 205 160 283 71 284 422 322 321 70 208 448 170 183 344 433 154 72 330 347 327 116 85 62 104 376 137 238 328 98 281 464 95 161 441 219 154 206 76 387 373 72 283 96 264 184 158 293 174 63 77 193 227 153 122 198 392 241 289 321 490 161 411 238 406 397 191 158 310 43 259 89 138 135 305 200 198 144 376 286 317 116 453 162 109 232 216 385 369 380 393 8 403 151 212 313
469 302 88 506 464 219 218 541 144 345 120 80 530 233 371 197 495 278 444 303 453 355 208 240 88 177 84 518 329 471 415 291 332 0 382 28 533 319 271 298 75 116 149 321 464 132 299 444 329 334 306 262 121 288 312 535 305 33 265 471 277 481 163 402 195 338 395 252 350 532 399 465 435 535 515 254 472 452 371 224 441 342 224 292 423 336 335 448 426 245 439 200 476 108 370 221 341 375 14 385 476 98 325 251 532 391 245 317 308 397 435 412 26 372 292 432 464 148 376 375 311 259 232 302 560 216 284 301 350 542 400 496 374 307 158 464 374 175 449 397 455 433 370 464 476 259 454 397 292 169 330 208 179 355 393 349 269 230 260 248 492 101 413 104 463 448 460 171 473 461 445 201 25 302 268 421 290 253 263 163 143 349 472 45 501 317 392 187 326 287 423 525 508 537 348 327 324 319 178 251
155 131 316 131 144 273 196 163 241 85 288 388 152 148 14 277 117 314 135 128 72 274 345 141 346 289 302 147 270 228 364 102 274 382 0 387 215 166 188 169 307 298 356 79 95 269 152 125 116 166 77 125 281 173 311 153 333 388 178 143 105 147 232 84 247 98 126 279 378 159 112 85 114 188 151 129 93 101 373 159 97 162 202 171 177 375 48 206 220 251 57 203 220 304 148 334 210 10 385 20 178 314 260 320 182 87 164 77 206 15 154 47 391 228 96 189 225 286 86 200 124 268 195 150 206 266 333 218 378 160 175 189 69 359 230 196 199 313 173 76 233 133 349 113 106 278 85 364 94 348 117 190 232 221 247 81 113 185 355 140 125 290 31 296 229 210 136 210 132 122 166 347 356 300 117 296 147 365 147 232 336 132 106 347 128 380 215 337 376 95 108 144 127 154 167 279 198 125 207 164
483 299 111 514 477 204 214 544 146 345 141 53 538 240 376 182 502 259 457 317 459 340 186 247 68 162 99 527 314 463 395 293 316 28 387 0 529 336 289 315 86 106 126 323 466 151 295 442 342 351 311 271 115 281 293 541 285 5 259 469 282 480 178 413 185 350 410 236 328 534 396 472 447 534 517 262 476 462 350 232 441 359 218 309 440 314 340 440 445 232 445 197 494 130 386 200 330 380 14 389 472 87 311 231 531 391 243 326 298 403 450 420 4 361 295 449 455 136 388 394 309 244 249 317 559 202 264 290 329 546 393 491 385 286 171 480 365 157 465 398 445 431 350 474 485 243 457 378 301 146 327 222 173 344 381 349 274 226 237 250 501 99 419 124 482 440 473 178 485 473 440 179 37 285 276 406 286 230 276 161 122 345 481 40 504 294 411 166 304 292 421 531 515 542 365 311 343 316 181 266
323 231 491 226 312 347 314 137 392 195 469 510 223 323 213 363 212 343 316 342 199 254 410 316 469 383 468 243 270 101 304 254 272 533 215 529 0 381 400 384 465 424 450 225 130 450 234 95 331 381 254 319 413 248 318 197 343 527 269 72 283 67 416 284 348 313 330 330 363 117 136 205 296 53 97 316 152 263 343 341 117 376 310 385 374 368 234 108 420 316 185 332 402 484 358 394 217 212 531 197 57 442 265 365 58 150 288 287 243 207 343 234 534 201 257 384 106 398 296 411 222 318 399 364 66 345 356 255 362 168 142 37 280 369 408 378 180 401 358 151 125 101 318 267 235 324 138 316 293 433 204 383 355 211 198 193 288 303 393 294 247 432 194 472 418 110 305 374 286 284 89 416 507 314 310 223 242 406 352 370 436 184 243 490 123 385 423 414 375 275 118 201 195 181 381 280 413 214 358 369
160 228 233 233 157 319 234 310 217 216 200 359 257 146 168 311 229 384 137 46 204 383 378 145 324 312 236 237 368 384 476 178 374 319 166 336 381 0 49 21 250 285 362 187 257 186 248 290 49 15 155 110 267 262 395 274 410 339 251 309 144 313 157 117 279 67 87 341 463 312 266 209 136 352 310 125 246 167 467 135 263 22 247 26 104 455 157 360 113 313 206 225 157 215 54 376 324 169 328 184 342 293 359 377 346 243 216 101 304 174 120 157 338 352 169 112 379 293 94 64 229 335 87 27 368 311 401 311 463 294 319 354 105 432 167 145 329 335 132 236 384 294 448 175 202 344 248 470 111 364 235 118 247 339 376 214 146 229 410 177 210 262 189 215 146 363 156 182 176 165 325 377 299 382 115 424 236 415 74 229 341 260 194 302 284 452 84 363 453 143 270 262 250 283 29 376 33 235 200 75
208 221 184 274 205 290 208 343 178 219 151 315 298 123 186 280 268 358 184 60 238 369 345 124 281 278 189 279 352 391 461 172 357 271 188 289 400 49 0 28 204 244 323 189 283 138 238 305 80 63 155 96 227 248 374 313 386 291 234 327 135 333 112 157 248 97 134 316 440 343 276 244 181 376 338 108 276 209 447 107 283 72 222 23 153 431 167 365 157 288 236 197 205 166 103 343 314 188 280 203 356 251 343 349 370 254 197 112 291 199 169 190 291 345 164 161 385 256 132 105 223 311 40 42 394 283 375 296 440 331 321 370 139 406 123 194 325 300 181 250 388 307 430 218 242 319 273 453 111 326 233 77 214 331 369 219 135 206 380 159 252 219 215 166 192 368 203 145 221 210 336 343 251 361 103 417 226 384 54 194 302 260 235 255 313 426 124 327 428 138 284 301 288 321 77 358 56 231 166 44
179 219 212 247 176 302 218 320 197 211 179 338 271 130 170 294 242 368 155 42 215 372 360 130 303 294 215 252 356 382 464 169 362 298 169 315 384 21 28 0 229 265 343 181 263 165 238 291 55 36 148 97 247 251 381 287 396 317 238 312 134 317 136 131 261 74 105 326 448 321 264 220 153 357 317 111 254 182 454 117 266 44 232 5 125 441 155 357 133 298 214 209 179 194 74 358 314 171 306 187 342 273 347 361 351 242 202 98 293 179 140 166 317 343 160 134 376 274 106 83 220 321 65 19 375 295 386 299 449 306 315 356 115 417 146 166 322 316 152 236 380 294 436 191 216 329 254 458 104 345 228 97 229 330 368 211 135 214 393 164 225 241 195 194 167 360 175 163 193 182 324 359 277 368 103 416 226 398 58 211 321 254 209 280 292 437 103 344 438 135 270 275 262 296 50 363 41 227 182 56
397 234 49 431 391 179 155 467 73 274 65 113 455 159 296 158 420 247 371 231 378 310 193 166 87 142 19 443 284 411 381 218 288 75 307 86 465 250 204 229 0 78 147 249 390 68 234 374 256 265 232 187 72 226 278 460 277 88 203 401 202 411 92 328 144 264 323 213 327 458 330 390 361 465 443 179 398 377 345 149 369 273 163 224 354 314 261 386 361 199 365 135 408 61 300 201 285 300 80 310 409 70 279 224 461 321 178 242 252 323 363 337 89 318 219 363 403 109 302 309 243 217 163 231 489 174 258 247 328 467 337 429 299 285 85 394 315 151 378 326 396 365 338 389 401 220 381 366 217 160 261 136 119 301 341 277 195 165 242 175 417 48 339 49 396 387 387 97 399 387 379 188 50 266 193 374 224 240 190 98 130 282 397 52 428 299 327 172 306 212 352 450 433 462 280 284 259 251 107 179
413 196 127 429 406 105 111 447 67 245 136 90 450 158 285 83 415 170 387 254 370 240 116 164 48 65 95 443 214 357 305 198 217 116 298 106 424 285 244 265 78 0 79 227 369 131 190 339 277 300 220 196 17 176 202 451 200 103 154 366 195 377 137 338 79 280 344 139 249 436 293 383 374 432 417 183 381 383 267 158 341 306 113 260 383 236 249 334 398 130 353 97 439 137 328 123 225 289 110 296 367 18 210 146 428 290 142 247 193 313 386 336 110 256 202 393 349 33 315 348 206 144 204 261 456 101 180 185 250 453 287 386 308 207 123 422 259 72 403 298 340 327 262 396 401 146 360 289 221 86 224 168 70 239 277 249 187 123 164 157 418 31 327 123 431 334 401 103 408 397 335 111 93 191 198 305 183 162 214 66 58 240 399 70 406 221 368 95 228 205 319 442 425 450 314 212 301 213 93 209
484 238 195 488 475 103 160 494 145 291 210 78 509 228 342 87 473 139 458 329 427 229 60 233 63 70 165 504 203 370 272 254 205 149 356 126 450 362 323 343 147 79 0 279 416 208 226 376 351 377 280 267 96 207 174 505 162 121 190 401 259 412 217 406 110 352 417 126 202 480 330 442 443 466 459 253 432 448 225 232 384 383 156 338 458 188 308 350 476 134 409 154 514 208 403 76 236 347 138 351 394 78 203 109 464 332 193 316 207 371 459 398 130 261 260 469 362 72 386 426 248 137 283 338 492 105 140 196 203 504 308 413 376 160 202 496 273 49 476 342 349 360 227 461 463 134 408 254 289 21 265 246 126 246 277 296 252 172 111 218 481 108 384 195 507 350 470 180 475 464 361 53 137 167 268 293 223 104 290 135 22 274 461 112 453 168 446 43 178 268 358 497 481 503 391 198 380 254 165 287
229 53 268 209 218 193 119 221 177 31 244 317 229 97 65 198 194 236 206 141 148 206 265 90 275 211 248 226 197 202 298 30 202 321 79 323 225 187 189 181 249 227 279 0 143 225 74 130 143 194 33 97 212 95 235 226 256 323 98 156 58 165 191 152 169 130 183 199 303 210 91 162 187 217 194 91 154 179 300 115 120 193 124 180 234 299 38 176 272 171 129 130 285 259 192 254 143 69 323 71 174 244 187 241 213 74 87 87 131 93 219 126 327 167 31 247 196 211 142 239 48 189 179 163 240 187 254 142 303 226 133 191 126 282 184 261 142 234 238 77 199 125 278 192 186 198 133 295 78 270 48 158 158 156 190 32 63 107 276 73 205 224 104 249 289 180 211 153 209 200 150 267 296 223 88 239 68 285 136 162 260 73 186 283 180 303 258 258 300 51 107 217 200 224 201 206 220 51 143 151
195 177 405 111 183 320 259 78 320 125 378 459 118 233 100 330 94 344 186 223 69 279 392 226 417 346 388 130 283 178 357 173 287 464 95 466 130 257 283 263 390 369 416 143 0 359 191 70 208 255 159 217 354 212 331 102 355 466 226 70 190 67 323 153 305 190 199 317 391 67 97 78 166 94 55 219 27 133 380 248 39 250 261 265 243 392 132 164 290 293 54 271 272 394 229 379 220 97 465 83 113 386 275 357 88 86 227 173 230 84 213 104 470 224 171 253 178 351 168 281 167 305 291 244 111 315 361 243 391 90 156 116 153 383 319 248 194 368 228 74 193 88 354 139 109 313 10 362 187 403 151 283 299 225 235 120 197 247 391 216 125 367 68 385 287 169 176 293 159 156 119 396 438 322 209 279 193 402 242 305 397 149 116 426 37 403 293 389 396 180 71 99 85 93 254 294 288 162 285 260
339 225 49 385 334 215 162 432 85 254 19 181 409 127 260 197 375 287 314 173 336 333 246 135 154 186 51 395 309 409 413 196 314 132 269 151 450 186 138 165 68 131 208 225 359 0 232 355 199 201 201 144 118 230 313 417 317 154 208 382 170 390 36 275 174 210 264 248 370 426 314 346 306 442 414 140 362 326 384 111 344 209 174 159 291 358 227 384 294 227 326 142 344 35 238 251 296 264 141 276 397 130 302 268 437 300 174 196 264 284 303 292 152 329 193 299 402 155 249 243 233 249 99 170 464 208 300 263 370 428 335 415 249 330 41 331 321 201 317 302 398 349 374 338 354 254 349 400 175 218 250 81 140 313 354 257 164 169 292 157 368 100 301 29 331 385 331 81 345 334 369 242 113 300 151 393 220 292 134 114 189 274 349 120 395 346 260 226 352 180 333 406 391 421 216 312 192 242 104 121
303 21 266 276 293 129 80 269 161 70 249 278 294 120 137 139 260 162 281 201 215 135 201 117 236 156 239 294 123 178 228 70 129 299 152 295 234 248 238 238 234 190 226 74 191 232 0 150 209 257 98 142 179 21 160 286 181 293 36 177 104 188 204 226 117 199 256 128 228 254 104 230 261 242 233 130 209 252 226 140 157 258 76 236 307 224 113 152 342 103 194 99 359 262 261 188 76 141 297 139 177 208 114 170 240 106 58 154 58 164 293 199 299 107 80 319 170 166 215 305 27 117 217 222 267 124 181 68 228 280 103 196 200 207 192 335 90 178 313 117 166 137 205 265 256 126 184 224 137 212 40 186 121 92 131 75 103 69 205 82 275 198 171 249 361 154 285 151 283 274 145 204 274 149 135 178 12 215 184 137 208 50 257 256 227 228 325 197 225 104 132 280 263 281 266 132 279 29 130 195
258 143 397 181 246 275 228 131 301 101 374 428 188 228 121 288 164 287 245 249 133 214 344 221 387 306 375 200 221 110 288 159 225 444 125 442 95 290 305 291 374 339 376 130 70 355 150 0 240 291 158 223 327 168 270 170 295 441 187 26 187 37 321 203 268 222 248 265 327 112 46 145 224 91 87 220 97 196 314 246 34 287 226 292 296 329 139 94 342 245 113 245 333 389 273 329 160 120 444 106 52 358 214 304 89 55 199 193 176 122 269 155 447 158 162 308 109 317 211 325 133 253 304 271 117 271 303 189 327 152 89 65 194 322 314 308 129 327 286 55 123 19 288 204 177 261 70 294 197 361 115 288 269 161 167 98 193 216 336 200 194 344 112 378 345 99 238 281 224 219 49 348 418 263 214 209 156 348 257 281 359 101 183 403 93 342 340 344 334 179 22 168 155 159 293 232 322 126 267 274
140 188 248 194 135 295 208 264 210 169 215 359 219 124 118 290 188 355 115 25 159 344 359 120 320 294 245 201 332 336 437 139 337 329 116 342 331 49 80 55 256 277 351 143 208 199 209 240 0 52 112 84 259 225 363 233 380 344 217 259 108 264 165 78 257 18 67 313 431 265 217 165 107 302 262 99 199 130 433 119 213 50 220 58 107 425 110 312 134 284 158 204 163 231 54 354 283 119 336 134 292 288 322 351 297 194 185 55 267 124 108 111 345 310 129 119 331 279 52 96 187 306 103 37 319 287 373 275 431 251 273 305 59 403 171 144 285 318 125 187 337 245 413 141 163 315 198 433 73 349 191 120 229 298 333 168 112 202 385 147 173 258 140 228 159 315 131 173 146 135 276 359 306 350 85 382 198 392 66 216 329 216 156 305 236 424 116 345 423 105 220 221 208 241 57 340 82 193 186 78
147 237 248 225 145 332 246 305 232 221 215 374 248 158 170 324 222 396 125 56 200 392 392 157 339 326 251 227 378 388 485 187 384 334 166 351 381 15 63 36 265 300 377 194 255 201 257 291 52 0 162 121 282 272 406 266 422 354 261 310 153 313 173 110 292 68 76 353 474 308 270 203 126 350 307 137 243 158 478 148 263 8 259 41 89 467 162 364 98 325 203 239 142 229 41 389 332 170 343 185 343 308 369 389 344 246 227 106 314 173 107 153 353 360 177 97 383 307 89 50 237 347 102 39 365 324 413 321 474 288 325 355 102 444 182 130 336 349 117 239 389 296 459 166 194 356 246 480 120 378 242 133 260 348 383 220 156 241 422 188 201 277 187 230 131 367 145 197 165 155 328 391 314 393 125 432 246 428 87 243 355 267 186 317 280 464 71 377 465 152 272 255 243 276 14 386 33 243 214 90
212 77 247 208 202 202 121 234 164 64 220 310 230 74 65 204 194 253 188 108 149 233 273 67 268 214 229 223 222 235 326 30 227 306 77 311 254 155 155 148 232 220 280 33 159 201 98 158 112 162 0 65 204 116 256 231 275 311 113 183 31 190 166 133 173 101 159 214 324 226 122 163 170 241 213 62 165 168 324 90 143 162 129 147 209 319 29 210 244 185 134 126 261 236 163 264 171 69 309 78 205 236 212 254 236 103 90 56 156 93 197 117 315 197 21 221 229 209 119 209 75 205 147 130 263 196 271 165 324 235 166 221 105 300 160 239 174 238 216 103 232 155 303 181 182 214 149 322 45 273 80 130 155 186 221 64 38 110 289 63 200 213 108 226 263 213 195 135 197 187 181 275 281 244 56 270 88 298 103 154 259 105 180 270 195 321 228 264 319 21 135 221 204 231 170 230 187 80 130 118
