0 210 564 76 378 327 278 171 366 72 320 435 202 480 138 133 209 264 105 241 161 267 419 305 231 235 92 360 159 81 271 254 432 156 57 329 485 476 417 352 252
210 0 696 136 388 536 319 286 577 282 144 582 318 596 183 344 162 244 164 426 146 451 629 480 410 445 300 570 236 242 167 243 586 269 219 534 629 631 600 412 153
564 696 0 594 393 425 395 413 496 541 697 134 380 108 702 500 769 828 538 347 720 325 443 281 345 519 500 505 460 624 594 483 145 431 515 387 85 117 239 314 803
76 136 594 0 354 399 261 183 442 148 246 471 216 502 132 208 178 250 67 296 132 322 492 355 283 311 163 435 147 131 207 215 472 165 87 398 520 517 473 347 208
378 388 393 354 0 512 102 224 588 411 333 337 211 286 487 422 521 600 288 349 481 355 589 344 327 512 384 589 219 459 237 146 355 232 323 484 363 389 438 91 533
327 536 425 399 512 0 426 322 79 261 624 303 315 403 431 195 513 536 390 163 470 158 93 183 184 127 236 85 367 333 546 470 285 328 321 38 342 308 189 432 564
278 319 395 261 102 426 0 122 499 309 301 307 113 289 393 320 435 511 194 263 392 274 509 273 241 414 282 499 119 358 198 87 320 129 221 401 344 361 382 92 454
171 286 413 183 224 322 122 0 390 189 325 296 33 319 303 198 360 427 125 169 313 188 411 204 148 295 160 388 54 249 232 148 300 18 114 304 343 345 325 182 391
366 577 496 442 588 79 499 390 0 295 677 379 386 481 451 233 533 544 443 239 494 237 81 262 260 135 280 12 430 355 605 537 360 393 371 115 415 379 256 510 586
72 282 541 148 411 261 309 189 295 0 391 408 212 468 177 65 257 296 167 201 212 226 351 268 197 163 41 288 196 85 336 303 402 179 98 266 459 444 371 370 306
320 144 697 246 333 624 301 325 677 391 0 602 349 590 326 446 304 383 234 489 290 511 718 530 470 553 398 672 271 372 103 214 611 312 306 615 643 655 650 387 283
435 582 134 471 337 303 307 296 379 408 602 0 264 105 572 366 642 698 420 212 593 190 338 146 211 387 367 387 346 492 500 391 22 313 389 265 50 53 136 247 679
202 318 380 216 211 315 113 33 386 212 349 264 0 286 335 212 394 460 158 156 346 171 402 182 134 302 179 386 82 278 253 159 269 51 146 293 310 313 301 157 425
480 596 108 502 286 403 289 319 481 468 590 105 286 0 618 436 680 743 443 289 632 272 443 231 281 475 427 488 362 547 487 376 127 338 428 365 94 134 241 206 711
138 183 702 132 487 431 393 303 451 177 326 572 335 618 0 240 82 126 199 374 46 400 517 440 366 315 215 442 277 97 320 347 569 286 190 441 623 613 547 477 134
133 344 500 208 422 195 320 198 233 65 446 366 212 436 240 0 321 354 214 153 276 177 286 221 156 107 48 227 222 144 381 332 357 193 141 201 415 397 314 367 371
209 162 769 178 521 513 435 360 533 257 304 642 394 680 82 321 0 82 243 450 48 476 600 515 441 397 293 523 326 179 324 376 641 343 254 523 692 685 625 524 53
264 244 828 250 600 536 511 427 544 296 383 698 460 743 126 354 82 0 317 496 119 522 616 563 490 413 336 533 398 211 407 456 694 410 315 551 748 737 667 597 105
105 164 538 67 288 390 194 125 443 167 234 420 158 443 199 214 243 317 0 265 198 289 484 316 248 322 165 438 82 181 169 153 423 107 72 382 468 468 437 280 268
241 426 347 296 349 163 263 169 239 201 489 212 156 289 374 153 450 496 265 0 402 26 246 67 22 190 160 241 220 286 401 314 204 179 209 138 262 244 176 271 493
161 146 720 132 481 470 392 313 494 212 290 593 346 632 46 276 48 119 198 402 0 428 558 466 393 358 246 485 280 138 295 337 592 295 205 478 643 636 577 479 94
267 451 325 322 355 158 274 188 237 226 511 190 171 272 400 177 476 522 289 26 428 0 235 44 41 203 186 240 240 311 420 330 180 199 235 129 240 220 150 273 519
419 629 443 492 589 93 509 411 81 351 718 338 402 443 517 286 600 616 484 246 558 235 0 248 268 203 328 94 458 420 638 559 317 418 415 108 368 328 205 505 651
305 480 281 355 344 183 273 204 262 268 530 146 182 231 440 221 515 563 316 67 466 44 248 0 73 244 227 267 258 353 435 338 136 219 268 148 195 176 121 258 556
231 410 345 283 327 184 241 148 260 197 470 211 134 281 366 156 441 490 248 22 393 41 268 73 0 204 156 261 199 281 380 292 205 158 196 160 262 247 190 251 483
235 445 519 311 512 127 414 295 135 163 553 387 302 475 315 107 397 413 322 190 358 203 203 244 204 0 156 127 325 219 489 436 373 293 249 152 433 405 299 448 450
92 300 500 163 384 236 282 160 280 41 398 367 179 427 215 48 293 336 165 160 246 186 328 227 156 156 0 274 177 126 333 287 361 152 93 236 417 403 332 337 339
360 570 505 435 589 85 499 388 12 288 672 387 386 488 442 227 523 533 438 241 485 240 94 267 261 127 274 0 428 346 602 535 368 391 366 122 424 388 266 512 576
159 236 460 147 219 367 119 54 430 196 271 346 82 362 277 222 326 398 82 220 280 240 458 258 199 325 177 428 0 240 181 110 352 40 103 351 392 396 379 200 351
81 242 624 131 459 333 358 249 355 85 372 492 278 547 97 144 179 211 181 286 138 311 420 353 281 219 126 346 240 0 338 333 487 235 137 344 542 529 456 431 231
271 167 594 207 237 546 198 232 605 336 103 500 253 487 320 381 324 407 169 401 295 420 638 435 380 489 333 602 181 338 0 111 510 222 240 532 540 553 554 285 321
254 243 483 215 146 470 87 148 537 303 214 391 159 376 347 332 376 456 153 314 337 330 559 338 292 436 287 535 110 333 111 0 402 144 205 451 430 444 454 176 387
432 586 145 472 355 285 320 300 360 402 611 22 269 127 569 357 641 694 423 204 592 180 317 136 205 373 361 368 352 487 510 402 0 317 388 247 60 45 113 263 679
156 269 431 165 232 328 129 18 393 179 312 313 51 338 286 193 343 410 107 179 295 199 418 219 158 293 152 391 40 235 222 144 317 0 99 311 360 362 340 196 373
57 219 515 87 323 321 221 114 371 98 306 389 146 428 190 141 254 315 72 209 205 235 415 268 196 249 93 366 103 137 240 205 388 99 0 316 438 433 385 295 291
329 534 387 398 484 38 401 304 115 266 615 265 293 365 441 201 523 551 382 138 478 129 108 148 160 152 236 122 351 344 532 451 247 311 316 0 304 270 153 402 572
485 629 85 520 363 342 344 343 415 459 643 50 310 94 623 415 692 748 468 262 643 240 368 195 262 433 417 424 392 542 540 430 60 360 438 304 0 42 162 275 729
476 631 117 517 389 308 361 345 379 444 655 53 313 134 613 397 685 737 468 244 636 220 328 176 247 405 403 388 396 529 553 444 45 362 433 270 42 0 123 299 724
417 600 239 473 438 189 382 325 256 371 650 136 301 241 547 314 625 667 437 176 577 150 205 121 190 299 332 266 379 456 554 454 113 340 385 153 162 123 0 347 670
352 412 314 347 91 432 92 182 510 370 387 247 157 206 477 367 524 597 280 271 479 273 505 258 251 448 337 512 200 431 285 176 263 196 295 402 275 299 347 0 545
252 153 803 208 533 564 454 391 586 306 283 679 425 711 134 371 53 105 268 493 94 519 651 556 483 450 339 576 351 231 321 387 679 373 291 572 729 724 670 545 0
