0 2 1386 1380 1377 1379 1568 2532 2527 2417 2414 1256 1138 1147 1906 1908 865 867 541 520 1253 1244 845 1414 1413 125 120 2029 2021 1047 1044 858 867 865 1990 1989 1471 2118 2118 847 856 1125 1125 907 924 1170 1201 1197 893 887 1254 1253 1855 1860 993 997 2854 853 853 987 989 934 924 1671 1679 1710 1708 2648 2650 2635 2632 1223 1222 927 1036 998 1000 825 834 2217 2202 2328 1609 1294 1294 1371 1368 1018 272 884 882 1541 954 1746 1753 1780 1780 1700 1691 1729 537
2 0 1388 1382 1379 1381 1570 2533 2528 2418 2415 1257 1139 1148 1908 1909 864 866 542 520 1252 1243 847 1416 1415 123 117 2031 2023 1049 1046 861 868 866 1992 1992 1473 2119 2120 850 858 1126 1126 908 926 1172 1203 1199 895 890 1256 1254 1857 1862 994 999 2856 853 852 987 989 933 923 1672 1680 1712 1710 2649 2652 2636 2633 1224 1223 928 1037 999 1001 824 834 2218 2203 2330 1611 1295 1295 1372 1368 1020 271 886 884 1543 955 1748 1755 1782 1782 1701 1693 1731 539
1386 1388 0 12 10 8 198 1589 1584 1475 1470 329 710 714 987 989 1649 1652 993 1323 1618 1613 611 508 507 1500 1499 648 639 408 414 1047 1493 1492 609 609 247 938 938 731 729 1274 1273 869 859 1334 1411 1404 714 717 683 681 488 493 899 522 1676 1609 1604 1647 1647 1631 1623 940 948 395 393 1649 1659 1631 1628 1165 1163 995 999 791 788 1666 1665 874 859 1000 234 803 796 1129 1139 499 1429 1091 1094 293 730 531 535 533 534 422 420 510 880
1380 1382 12 0 7 6 208 1581 1576 1467 1462 317 697 702 978 980 1638 1641 984 1314 1606 1601 602 496 495 1495 1493 652 643 409 415 1050 1495 1494 616 616 260 933 933 732 731 1261 1261 858 848 1340 1416 1409 716 719 671 669 490 495 887 524 1672 1598 1593 1636 1636 1620 1612 928 937 392 390 1642 1652 1624 1621 1152 1151 983 987 779 776 1656 1654 875 860 1000 236 791 783 1117 1126 501 1421 1094 1097 285 719 525 529 528 529 418 416 504 873
1377 1379 10 7 0 2 208 1589 1584 1474 1470 321 701 705 985 987 1639 1642 983 1314 1609 1604 601 503 502 1491 1489 656 648 403 408 1043 1488 1487 619 618 254 941 941 725 724 1265 1264 860 850 1332 1408 1401 710 712 675 674 495 500 889 517 1679 1599 1594 1638 1638 1621 1613 935 944 399 397 1650 1660 1632 1629 1156 1155 985 990 782 779 1656 1655 880 866 1006 241 796 788 1122 1131 494 1419 1087 1090 293 721 532 536 536 536 425 423 511 870
1379 1381 8 6 2 0 206 1587 1583 1473 1469 322 702 707 984 986 1640 1644 985 1316 1610 1605 603 503 502 1494 1492 654 645 405 410 1045 1490 1489 616 616 254 939 939 727 726 1266 1265 861 851 1334 1410 1403 712 714 676 674 493 498 891 519 1678 1601 1596 1639 1639 1622 1615 935 944 397 396 1649 1659 1630 1627 1157 1156 987 991 783 780 1658 1657 878 864 1004 239 796 789 1122 1132 496 1422 1089 1092 292 722 531 535 534 534 424 421 510 873
1568 1570 198 208 208 206 0 1594 1590 1485 1481 504 886 890 1037 1038 1846 1849 1190 1522 1801 1797 809 636 635 1685 1683 493 484 550 555 1151 1603 1602 421 421 194 905 905 859 856 1455 1455 1062 1051 1397 1473 1466 834 838 845 843 370 374 1086 648 1609 1806 1801 1842 1842 1826 1818 1039 1046 355 354 1638 1650 1619 1616 1337 1336 1186 1183 980 976 1864 1862 755 741 886 164 960 953 1287 1297 623 1622 1190 1194 347 923 531 533 515 515 408 412 513 1073
2532 2533 1589 1581 1589 1587 1594 0 4 118 122 1431 1397 1387 646 644 2184 2185 1990 2146 1791 1795 1754 1199 1201 2598 2602 1330 1336 1939 1945 2575 2986 2984 1525 1525 1781 714 714 2240 2242 1594 1593 1627 1609 2906 2981 2974 2241 2241 1285 1287 1287 1287 1547 2060 597 2149 2144 2075 2073 2103 2103 860 852 1239 1240 147 139 146 146 1424 1424 1634 1532 1533 1531 2239 2229 1083 1084 1006 1431 1237 1237 1248 1257 2041 2405 2624 2627 1295 1582 1066 1064 1079 1079 1187 1185 1086 2029
2527 2528 1584 1576 1584 1583 1590 4 0 113 117 1427 1392 1383 641 639 2180 2182 1986 2142 1788 1792 1749 1195 1196 2594 2598 1326 1332 1934 1940 2570 2981 2980 1521 1521 1776 710 710 2235 2238 1590 1589 1623 1604 2901 2977 2970 2236 2237 1280 1282 1283 1283 1543 2055 598 2145 2140 2071 2069 2100 2100 855 848 1234 1236 149 142 149 148 1420 1420 1629 1528 1529 1527 2235 2225 1079 1081 1003 1427 1233 1233 1244 1253 2037 2400 2619 2622 1291 1577 1062 1060 1075 1074 1183 1181 1082 2025
2417 2418 1475 1467 1474 1473 1485 118 113 0 4 1313 1281 1272 528 526 2087 2088 1876 2038 1706 1709 1636 1081 1082 2485 2489 1239 1245 1822 1828 2457 2868 2866 1432 1433 1670 618 618 2122 2124 1495 1495 1514 1496 2789 2865 2858 2123 2124 1169 1170 1187 1186 1436 1943 634 2051 2046 1981 1980 2008 2008 746 738 1130 1131 237 236 228 226 1323 1323 1524 1423 1419 1417 2141 2131 1005 1005 939 1322 1124 1123 1147 1157 1924 2294 2506 2509 1182 1466 955 954 970 970 1077 1075 975 1913
2414 2415 1470 1462 1470 1469 1481 122 117 4 0 1309 1278 1268 523 522 2084 2086 1873 2035 1704 1707 1632 1077 1078 2482 2485 1235 1241 1817 1823 2453 2863 2862 1428 1428 1666 613 614 2118 2120 1493 1492 1511 1492 2785 2860 2853 2118 2119 1165 1167 1182 1182 1432 1938 634 2049 2044 1979 1977 2006 2005 742 735 1126 1127 240 239 231 229 1321 1320 1521 1420 1416 1413 2138 2129 1000 1001 935 1317 1120 1120 1145 1154 1920 2290 2502 2505 1177 1462 951 949 966 965 1073 1070 970 1909
1256 1257 329 317 321 322 504 1431 1427 1313 1309 0 382 386 791 792 1368 1371 780 1084 1297 1293 412 239 238 1356 1357 827 821 521 527 1144 1557 1556 856 856 573 882 882 809 811 951 950 572 559 1486 1560 1553 811 812 355 353 638 644 586 639 1634 1328 1322 1351 1351 1340 1333 672 681 470 469 1516 1524 1500 1497 836 834 690 680 481 478 1393 1390 968 954 1074 438 477 469 801 810 623 1240 1193 1196 297 435 491 498 524 524 448 439 473 719
1138 1139 710 697 701 702 886 1397 1392 1281 1278 382 0 10 768 769 1035 1038 600 824 916 912 395 351 351 1213 1216 1156 1152 780 784 1298 1650 1649 1217 1217 947 1023 1024 982 988 570 569 262 244 1674 1744 1737 1002 1001 119 118 967 972 229 874 1731 994 989 998 997 994 988 540 548 786 785 1510 1513 1497 1494 455 454 342 306 153 150 1069 1064 1234 1220 1317 806 177 173 448 455 868 1042 1348 1350 627 184 727 735 775 775 742 731 717 635
1147 1148 714 702 705 707 890 1387 1383 1272 1268 386 10 0 759 761 1038 1041 608 830 913 909 405 348 348 1222 1225 1155 1151 789 793 1308 1661 1659 1217 1217 952 1017 1018 992 998 568 567 269 250 1684 1754 1747 1012 1011 111 111 966 971 232 883 1723 997 991 999 998 996 990 530 538 785 784 1501 1504 1487 1485 450 449 345 305 160 157 1072 1067 1231 1217 1312 808 166 163 440 447 877 1050 1359 1361 628 194 724 732 772 772 741 729 714 645
1906 1908 987 978 985 984 1037 646 641 528 523 791 768 759 0 1 1672 1674 1368 1562 1363 1364 1110 555 556 1981 1984 935 937 1307 1313 1935 2341 2339 1101 1102 1206 414 414 1600 1602 1088 1087 1015 996 2275 2350 2343 1603 1603 652 653 816 818 946 1426 983 1634 1628 1587 1586 1604 1602 270 267 701 702 746 751 732 729 909 909 1046 955 914 911 1720 1712 810 803 818 875 626 624 745 757 1410 1802 1984 1987 702 952 517 519 551 551 638 631 532 1392
1908 1909 989 980 987 986 1038 644 639 526 522 792 769 761 1 0 1672 1674 1369 1562 1363 1364 1111 557 558 1982 1985 936 939 1308 1314 1936 2342 2341 1103 1104 1208 414 415 1601 1604 1088 1087 1016 997 2276 2351 2344 1604 1605 653 654 818 819 947 1428 983 1634 1628 1587 1586 1604 1602 271 267 703 703 745 750 730 728 910 909 1047 955 915 912 1720 1713 812 804 819 877 627 625 745 757 1411 1803 1986 1988 704 953 519 520 553 553 640 633 534 1393
865 864 1649 1638 1639 1640 1846 2184 2180 2087 2084 1368 1035 1038 1672 1672 0 3 720 409 480 472 1053 1387 1386 818 828 2185 2180 1491 1491 1621 1726 1724 2224 2224 1838 2016 2017 1465 1474 592 592 797 811 1983 2026 2021 1508 1503 1137 1137 1995 2000 806 1511 2650 40 46 145 148 94 89 1401 1405 1816 1815 2323 2320 2315 2313 768 768 693 747 897 900 62 50 2268 2254 2344 1806 1089 1094 942 932 1522 593 1660 1659 1650 933 1762 1770 1810 1811 1776 1765 1752 898
867 866 1652 1641 1642 1644 1849 2185 2182 2088 2086 1371 1038 1041 1674 1674 3 0 723 412 480 472 1056 1389 1389 820 829 2188 2183 1494 1494 1624 1729 1727 2227 2227 1841 2019 2019 1468 1477 594 594 800 814 1985 2028 2024 1511 1506 1139 1140 1998 2003 809 1514 2652 43 49 145 148 94 89 1403 1407 1819 1818 2325 2322 2317 2315 770 770 695 749 900 903 61 49 2271 2257 2347 1809 1091 1096 944 933 1525 595 1662 1662 1653 936 1764 1773 1813 1813 1779 1767 1755 901
541 542 993 984 983 985 1190 1990 1986 1876 1873 780 600 608 1368 1369 720 723 0 339 911 903 383 900 899 613 616 1599 1592 775 775 966 1197 1195 1598 1598 1148 1602 1603 756 765 674 673 367 384 1350 1406 1400 798 793 718 716 1413 1419 457 790 2327 687 683 773 774 736 726 1130 1138 1250 1249 2107 2110 2094 2092 725 725 408 515 456 459 720 722 1747 1732 1848 1188 753 753 854 852 801 461 1012 1012 1077 418 1254 1262 1293 1294 1228 1218 1239 182
520 520 1323 1314 1314 1316 1522 2146 2142 2038 2035 1084 824 830 1562 1562 409 412 339 0 734 725 712 1163 1162 520 527 1911 1905 1112 1112 1213 1347 1345 1923 1923 1487 1848 1848 1059 1068 627 627 561 580 1579 1625 1620 1103 1098 941 941 1723 1728 616 1119 2542 383 380 498 500 450 440 1301 1308 1552 1551 2274 2274 2263 2261 754 753 516 614 670 674 395 399 2037 2022 2129 1508 936 939 920 914 1132 284 1253 1252 1380 670 1533 1542 1577 1578 1523 1512 1521 502
1253 1252 1618 1606 1609 1610 1801 1791 1788 1706 1704 1297 916 913 1363 1363 480 480 911 734 0 9 1111 1231 1231 1236 1245 2045 2042 1580 1583 1877 2070 2069 2125 2126 1844 1750 1751 1650 1659 345 346 770 775 2260 2314 2309 1687 1683 979 980 1861 1866 721 1635 2305 463 460 337 334 386 392 1101 1103 1680 1679 1936 1931 1931 1929 491 492 639 618 829 832 542 530 2067 2054 2120 1721 888 895 625 612 1639 998 1923 1923 1534 901 1581 1588 1632 1633 1627 1615 1577 1087
1244 1243 1613 1601 1604 1605 1797 1795 1792 1709 1707 1293 912 909 1364 1364 472 472 903 725 9 0 1104 1228 1228 1227 1236 2043 2040 1574 1576 1869 2062 2060 2122 2122 1839 1751 1751 1643 1651 342 342 764 769 2252 2306 2300 1680 1676 976 977 1858 1863 716 1628 2308 455 452 329 327 378 384 1102 1103 1677 1676 1940 1935 1935 1933 489 491 633 614 824 827 534 522 2065 2053 2120 1717 885 892 625 613 1632 989 1914 1915 1531 895 1579 1587 1630 1631 1625 1613 1575 1080
845 847 611 602 601 603 809 1754 1749 1636 1632 412 395 405 1110 1111 1053 1056 383 712 1111 1104 0 579 578 944 945 1218 1211 469 471 905 1257 1256 1214 1214 784 1277 1277 600 607 793 793 348 349 1286 1354 1347 625 623 483 481 1034 1039 425 531 2021 1015 1010 1071 1071 1046 1038 915 924 876 875 1856 1861 1841 1838 754 752 475 532 338 338 1065 1065 1379 1364 1486 804 572 568 809 813 532 834 956 957 704 252 901 908 935 936 860 850 884 307
1414 1416 508 496 503 503 636 1199 1195 1081 1077 239 351 348 555 557 1387 1389 900 1163 1231 1228 579 0 1 1505 1506 816 812 760 766 1380 1786 1785 898 898 754 704 704 1045 1048 890 889 606 589 1725 1799 1792 1049 1050 255 255 630 634 581 878 1442 1346 1340 1345 1344 1343 1338 439 448 448 448 1290 1297 1274 1272 743 742 694 648 498 495 1421 1416 883 869 968 514 346 339 663 674 863 1359 1429 1432 312 493 375 384 423 424 398 386 365 881
1413 1415 507 495 502 502 635 1201 1196 1082 1078 238 351 348 556 558 1386 1389 899 1162 1231 1228 578 1 0 1504 1505 816 813 759 765 1379 1785 1783 898 898 754 705 705 1044 1047 890 889 606 588 1724 1798 1791 1048 1049 255 254 630 635 580 877 1443 1345 1340 1344 1344 1343 1337 440 449 449 448 1292 1298 1275 1273 743 742 694 647 498 494 1420 1415 883 869 968 514 346 339 663 674 861 1358 1428 1431 312 492 376 384 423 424 398 386 366 880
125 123 1500 1495 1491 1494 1685 2598 2594 2485 2482 1356 1213 1222 1981 1982 818 820 613 520 1236 1227 944 1505 1504 0 9 2141 2133 1169 1166 974 945 943 2106 2106 1592 2209 2209 973 981 1144 1144 971 989 1272 1299 1295 1018 1013 1331 1330 1965 1970 1052 1121 2939 812 812 950 952 895 885 1739 1746 1816 1815 2718 2720 2705 2703 1256 1256 976 1083 1068 1070 772 782 2322 2307 2431 1721 1362 1362 1412 1408 1142 239 998 995 1645 1032 1845 1852 1880 1881 1803 1794 1828 638
120 117 1499 1493 1489 1492 1683 2602 2598 2489 2485 1357 1216 1225 1984 1985 828 829 616 527 1245 1236 945 1506 1505 9 0 2140 2132 1165 1162 966 935 933 2104 2104 1589 2210 2211 967 975 1151 1151 975 993 1263 1289 1286 1013 1007 1334 1333 1964 1969 1056 1117 2941 821 822 959 961 904 894 1743 1750 1815 1814 2722 2724 2709 2706 1262 1262 981 1089 1071 1074 781 792 2321 2307 2431 1720 1365 1366 1418 1414 1138 247 989 987 1645 1034 1845 1853 1880 1881 1803 1794 1828 638
2029 2031 648 652 656 654 493 1330 1326 1239 1235 827 1156 1155 935 936 2185 2188 1599 1911 2045 2043 1218 816 816 2141 2140 0 9 1040 1045 1641 2093 2093 196 197 664 622 622 1352 1349 1707 1706 1389 1374 1864 1938 1932 1327 1331 1071 1070 190 185 1383 1141 1198 2144 2139 2154 2154 2149 2143 1064 1068 370 371 1334 1348 1314 1311 1555 1554 1494 1460 1288 1284 2214 2210 298 288 428 420 1158 1150 1453 1465 1116 2052 1678 1683 535 1257 478 472 428 427 418 430 477 1510
2021 2023 639 643 648 645 484 1336 1332 1245 1241 821 1152 1151 937 939 2180 2183 1592 1905 2042 2040 1211 812 813 2133 2132 9 0 1031 1036 1632 2084 2083 189 190 655 628 627 1343 1340 1703 1702 1384 1369 1854 1929 1922 1318 1322 1068 1067 185 180 1379 1132 1206 2139 2134 2150 2150 2145 2138 1064 1068 366 366 1341 1355 1321 1318 1552 1551 1490 1456 1283 1279 2208 2205 307 296 437 412 1155 1147 1451 1463 1107 2045 1669 1673 530 1251 477 471 427 426 414 426 476 1503
1047 1049 408 409 403 405 550 1939 1934 1822 1817 521 780 789 1307 1308 1491 1494 775 1112 1580 1574 469 760 759 1169 1165 1040 1031 0 6 647 1087 1086 964 963 425 1328 1329 323 322 1259 1259 815 813 968 1043 1036 310 312 817 815 894 898 882 121 2075 1455 1451 1525 1526 1496 1486 1191 1200 800 798 2014 2022 1996 1993 1203 1202 944 991 783 782 1494 1495 1281 1267 1408 640 934 928 1228 1234 102 1146 693 697 671 699 916 921 927 927 820 816 895 614
1044 1046 414 415 408 410 555 1945 1940 1828 1823 527 784 793 1313 1314 1491 1494 775 1112 1583 1576 471 766 765 1166 1162 1045 1036 6 0 641 1081 1080 968 968 428 1334 1334 317 316 1262 1262 817 816 962 1037 1030 304 306 822 819 899 904 886 115 2081 1456 1451 1526 1527 1497 1487 1197 1206 806 804 2020 2028 2002 1999 1207 1205 946 994 787 785 1494 1496 1287 1272 1414 646 939 933 1232 1238 96 1144 687 691 677 702 921 927 933 933 826 822 901 613
858 861 1047 1050 1043 1045 1151 2575 2570 2457 2453 1144 1298 1308 1935 1936 1621 1624 966 1213 1877 1869 905 1380 1379 974 966 1641 1632 647 641 0 452 451 1526 1526 978 1976 1976 335 332 1622 1622 1213 1221 388 451 444 337 335 1371 1369 1517 1521 1305 527 2721 1596 1594 1708 1709 1663 1652 1787 1796 1442 1441 2656 2664 2638 2636 1630 1629 1316 1402 1236 1236 1599 1605 1905 1891 2035 1271 1472 1468 1709 1712 549 1087 50 52 1319 1152 1563 1569 1574 1575 1466 1463 1543 793
867 868 1493 1495 1488 1490 1603 2986 2981 2868 2863 1557 1650 1661 2341 2342 1726 1729 1197 1347 2070 2062 1257 1786 1785 945 935 2093 2084 1087 1081 452 0 1 1977 1976 1430 2412 2412 765 765 1870 1870 1514 1526 426 414 414 778 775 1740 1738 1968 1972 1609 970 3162 1711 1710 1840 1842 1788 1778 2169 2178 1887 1886 3074 3081 3057 3055 1915 1914 1593 1692 1561 1562 1690 1699 2356 2342 2486 1720 1827 1824 2022 2022 994 1137 416 412 1757 1484 2000 2006 2014 2014 1908 1903 1979 1058
865 866 1492 1494 1487 1489 1602 2984 2980 2866 2862 1556 1649 1659 2339 2341 1724 1727 1195 1345 2069 2060 1256 1785 1783 943 933 2093 2083 1086 1080 451 1 0 1976 1976 1429 2411 2411 764 764 1868 1868 1512 1524 427 415 415 777 774 1739 1737 1967 1971 1608 969 3161 1709 1708 1838 1840 1786 1776 2168 2177 1886 1885 3073 3080 3056 3053 1913 1912 1592 1691 1559 1560 1688 1697 2355 2341 2485 1719 1826 1823 2020 2021 993 1135 416 411 1756 1482 1999 2005 2013 2013 1907 1902 1978 1056
1990 1992 609 616 619 616 421 1525 1521 1432 1428 856 1217 1217 1101 1103 2224 2227 1598 1923 2125 2122 1214 898 898 2106 2104 196 189 964 968 1526 1977 1976 0 0 553 814 814 1259 1254 1782 1781 1429 1416 1720 1793 1787 1229 1233 1146 1145 292 289 1436 1052 1386 2184 2179 2206 2206 2196 2189 1202 1208 457 458 1531 1545 1510 1508 1641 1640 1544 1522 1335 1331 2248 2245 486 478 611 418 1245 1237 1556 1568 1027 2038 1560 1564 591 1292 610 605 564 564 519 530 603 1489
1989 1992 609 616 618 616 421 1525 1521 1433 1428 856 1217 1217 1102 1104 2224 2227 1598 1923 2126 2122 1214 898 898 2106 2104 197 190 963 968 1526 1976 1976 0 0 553 815 814 1258 1254 1782 1781 1429 1416 1720 1793 1786 1229 1233 1146 1145 292 290 1436 1052 1387 2184 2179 2206 2206 2196 2189 1203 1208 458 458 1531 1545 1511 1508 1641 1640 1544 1522 1335 1331 2248 2245 487 478 612 418 1245 1238 1556 1568 1027 2038 1559 1564 591 1292 610 606 564 564 519 530 603 1489
1471 1473 247 260 254 254 194 1781 1776 1670 1666 573 947 952 1206 1208 1838 1841 1148 1487 1844 1839 784 754 754 1592 1589 664 655 425 428 978 1430 1429 553 553 0 1097 1097 705 701 1502 1501 1082 1074 1207 1283 1276 675 680 928 926 561 564 1122 501 1803 1799 1794 1849 1849 1828 1819 1181 1189 545 543 1828 1840 1809 1806 1402 1401 1211 1226 1014 1011 1849 1849 940 927 1073 351 1049 1042 1374 1384 476 1555 1014 1018 504 945 714 716 702 703 593 595 695 1009
2118 2119 938 933 941 939 905 714 710 618 613 882 1023 1017 414 414 2016 2019 1602 1848 1750 1751 1277 704 705 2209 2210 622 628 1328 1334 1976 2412 2411 814 815 1097 0 0 1648 1648 1452 1451 1286 1268 2273 2349 2342 1639 1641 906 907 575 575 1238 1448 753 1976 1971 1946 1945 1957 1953 651 650 554 555 738 750 718 715 1276 1275 1348 1273 1177 1174 2059 2052 420 416 406 746 929 925 1125 1138 1427 2059 2022 2025 657 1189 412 407 405 404 516 517 433 1582
2118 2120 938 933 941 939 905 714 710 618 614 882 1024 1018 414 415 2017 2019 1603 1848 1751 1751 1277 704 705 2209 2211 622 627 1329 1334 1976 2412 2411 814 814 1097 0 0 1648 1648 1452 1451 1287 1268 2273 2349 2342 1639 1641 907 907 575 574 1239 1449 753 1977 1971 1947 1946 1958 1954 652 651 554 555 738 750 718 715 1277 1275 1349 1274 1178 1174 2060 2053 420 415 405 746 930 925 1126 1138 1427 2059 2022 2025 657 1190 412 407 405 404 516 517 433 1583
847 850 731 732 725 727 859 2240 2235 2122 2118 809 982 992 1600 1601 1465 1468 756 1059 1650 1643 600 1045 1044 973 967 1352 1343 323 317 335 765 764 1259 1258 705 1648 1648 0 9 1364 1364 933 938 693 764 757 46 40 1048 1046 1213 1218 1019 211 2397 1434 1431 1528 1529 1490 1480 1456 1465 1123 1122 2321 2329 2304 2301 1348 1347 1048 1122 938 938 1454 1458 1601 1587 1729 961 1154 1149 1410 1414 235 1011 384 387 991 852 1235 1241 1248 1249 1142 1138 1215 574
856 858 729 731 724 726 856 2242 2238 2124 2120 811 988 998 1602 1604 1474 1477 765 1068 1659 1651 607 1048 1047 981 975 1349 1340 322 316 332 765 764 1254 1254 701 1648 1648 9 0 1372 1372 940 945 688 760 753 37 31 1053 1051 1211 1215 1026 208 2396 1443 1440 1537 1539 1499 1489 1460 1469 1122 1121 2323 2331 2306 2303 1355 1354 1056 1129 945 945 1464 1468 1599 1585 1728 959 1159 1154 1416 1420 233 1020 381 384 992 859 1235 1241 1248 1249 1142 1138 1215 583
1125 1126 1274 1261 1265 1266 1455 1594 1590 1495 1493 951 570 568 1088 1088 592 594 674 627 345 342 793 890 890 1144 1151 1707 1703 1259 1262 1622 1870 1868 1782 1782 1502 1452 1452 1364 1372 0 0 445 446 2010 2069 2063 1397 1394 636 637 1521 1525 383 1324 2060 556 550 499 497 517 516 818 821 1339 1338 1732 1729 1724 1722 178 179 318 276 489 492 645 636 1743 1730 1805 1375 552 559 350 340 1326 912 1670 1670 1190 566 1249 1256 1299 1300 1288 1276 1243 831
1125 1126 1273 1261 1264 1265 1455 1593 1589 1495 1492 950 569 567 1087 1087 592 594 673 627 346 342 793 889 889 1144 1151 1706 1702 1259 1262 1622 1870 1868 1781 1781 1501 1451 1451 1364 1372 0 0 444 445 2009 2069 2063 1397 1394 635 636 1520 1524 382 1324 2059 556 551 500 498 518 517 817 820 1338 1337 1731 1729 1723 1721 177 178 318 275 489 491 646 636 1742 1729 1804 1375 552 558 349 339 1325 912 1669 1670 1189 565 1248 1255 1298 1299 1288 1275 1242 830
907 908 869 858 860 861 1062 1627 1623 1514 1511 572 262 269 1015 1016 797 800 367 561 770 764 348 606 606 971 975 1389 1384 815 817 1213 1514 1512 1429 1429 1082 1286 1287 933 940 445 444 0 18 1601 1665 1658 963 960 380 379 1199 1204 96 880 1988 756 751 780 780 767 760 768 775 1021 1020 1747 1749 1735 1732 417 415 130 189 109 112 824 821 1488 1474 1574 1011 391 392 508 508 881 787 1263 1264 854 139 981 989 1027 1028 984 972 970 457
924 926 859 848 850 851 1051 1609 1604 1496 1492 559 244 250 996 997 811 814 384 580 775 769 349 589 588 989 993 1374 1369 813 816 1221 1526 1524 1416 1416 1074 1268 1268 938 945 446 445 18 0 1608 1673 1666 967 965 361 361 1184 1189 84 881 1969 770 765 792 792 780 773 749 757 1006 1005 1729 1731 1716 1714 410 409 136 184 91 94 839 836 1471 1457 1557 998 372 373 496 497 882 806 1271 1273 839 129 964 972 1010 1011 968 957 953 470
1170 1172 1334 1340 1332 1334 1397 2906 2901 2789 2785 1486 1674 1684 2275 2276 1983 1985 1350 1579 2260 2252 1286 1725 1724 1272 1263 1864 1854 968 962 388 426 427 1720 1720 1207 2273 2273 693 688 2010 2009 1601 1608 0 76 69 680 680 1742 1739 1768 1771 1692 848 3003 1960 1958 2077 2079 2030 2020 2146 2155 1723 1722 2977 2986 2959 2956 2017 2016 1704 1790 1620 1620 1956 1963 2147 2134 2280 1538 1847 1842 2093 2097 865 1423 340 339 1622 1535 1865 1869 1868 1868 1757 1755 1844 1180
1201 1203 1411 1416 1408 1410 1473 2981 2977 2865 2860 1560 1744 1754 2350 2351 2026 2028 1406 1625 2314 2306 1354 1799 1798 1299 1289 1938 1929 1043 1037 451 414 415 1793 1793 1283 2349 2349 764 760 2069 2069 1665 1673 76 0 7 752 753 1813 1810 1843 1847 1756 923 3079 2005 2003 2124 2125 2076 2065 2219 2228 1799 1798 3053 3062 3035 3032 2081 2080 1766 1853 1687 1686 1997 2005 2222 2209 2355 1614 1917 1912 2160 2163 940 1459 401 400 1698 1602 1941 1945 1944 1944 1833 1831 1920 1238
1197 1199 1404 1409 1401 1403 1466 2974 2970 2858 2853 1553 1737 1747 2343 2344 2021 2024 1400 1620 2309 2300 1347 1792 1791 1295 1286 1932 1922 1036 1030 444 414 415 1787 1786 1276 2342 2342 757 753 2063 2063 1658 1666 69 7 0 745 746 1806 1803 1837 1840 1750 916 3072 2000 1998 2119 2120 2071 2060 2212 2221 1792 1791 3046 3055 3028 3025 2074 2073 1760 1846 1680 1680 1992 2000 2215 2202 2348 1607 1910 1905 2153 2156 933 1455 395 394 1691 1595 1934 1938 1937 1937 1826 1824 1913 1232
893 895 714 716 710 712 834 2241 2236 2123 2118 811 1002 1012 1603 1604 1508 1511 798 1103 1687 1680 625 1049 1048 1018 1013 1327 1318 310 304 337 778 777 1229 1229 675 1639 1639 46 37 1397 1397 963 967 680 752 745 0 5 1063 1061 1193 1197 1048 192 2385 1477 1474 1570 1571 1532 1522 1466 1475 1109 1107 2319 2328 2302 2299 1377 1376 1080 1152 964 963 1498 1502 1581 1567 1710 942 1171 1166 1434 1438 215 1058 384 387 982 878 1226 1231 1238 1238 1130 1127 1205 615
887 890 717 719 712 714 838 2241 2237 2124 2119 812 1001 1011 1603 1605 1503 1506 793 1098 1683 1676 623 1050 1049 1013 1007 1331 1322 312 306 335 775 774 1233 1233 680 1641 1641 40 31 1394 1394 960 965 680 753 746 5 0 1062 1060 1196 1200 1045 195 2388 1472 1469 1566 1567 1527 1517 1466 1475 1111 1110 2321 2329 2303 2300 1374 1373 1077 1149 962 961 1493 1497 1584 1570 1713 945 1170 1165 1432 1436 218 1052 383 386 984 875 1228 1234 1240 1240 1133 1129 1207 610
1254 1256 683 671 675 676 845 1285 1280 1169 1165 355 119 111 652 653 1137 1139 718 941 979 976 483 255 255 1331 1334 1071 1068 817 822 1371 1740 1739 1146 1146 928 906 907 1048 1053 636 635 380 361 1742 1813 1806 1063 1062 0 2 884 889 336 920 1612 1096 1090 1090 1090 1090 1085 433 442 702 702 1396 1399 1382 1379 497 495 448 393 272 269 1173 1168 1131 1117 1208 747 122 115 446 455 911 1162 1422 1425 555 300 626 634 675 675 654 642 618 744
1253 1254 681 669 674 674 843 1287 1282 1170 1167 353 118 111 653 654 1137 1140 716 941 980 977 481 255 254 1330 1333 1070 1067 815 819 1369 1738 1737 1145 1145 926 907 907 1046 1051 637 636 379 361 1739 1810 1803 1061 1060 2 0 883 888 335 918 1613 1096 1091 1091 1090 1091 1085 435 444 701 701 1397 1401 1383 1381 498 497 448 394 271 268 1173 1168 1131 1117 1208 745 124 117 448 457 909 1161 1420 1422 554 299 625 633 674 675 653 641 617 742
1855 1857 488 490 495 493 370 1287 1283 1187 1182 638 967 966 816 818 1995 1998 1413 1723 1861 1858 1034 630 630 1965 1964 190 185 894 899 1517 1968 1967 292 292 561 575 575 1213 1211 1521 1520 1199 1184 1768 1843 1837 1193 1196 884 883 0 5 1194 1002 1244 1954 1949 1965 1965 1959 1953 910 915 181 182 1312 1325 1292 1289 1372 1371 1305 1272 1098 1094 2023 2020 388 374 518 254 974 967 1276 1288 978 1869 1557 1561 345 1067 318 313 272 272 235 247 311 1331
1860 1862 493 495 500 498 374 1287 1283 1186 1182 644 972 971 818 819 2000 2003 1419 1728 1866 1863 1039 634 635 1970 1969 185 180 898 904 1521 1972 1971 289 290 564 575 574 1218 1215 1525 1524 1204 1189 1771 1847 1840 1197 1200 889 888 5 0 1198 1007 1241 1959 1954 1970 1970 1964 1958 913 918 186 187 1311 1324 1291 1288 1376 1375 1310 1276 1103 1099 2028 2025 384 370 514 259 978 971 1280 1292 982 1874 1562 1565 350 1072 321 316 275 274 239 251 315 1336
993 994 899 887 889 891 1086 1547 1543 1436 1432 586 229 232 946 947 806 809 457 616 721 716 425 581 580 1052 1056 1383 1379 882 886 1305 1609 1608 1436 1436 1122 1238 1239 1019 1026 383 382 96 84 1692 1756 1750 1048 1045 336 335 1194 1198 0 955 1925 765 759 771 771 766 760 691 699 1013 1012 1670 1672 1658 1656 329 328 113 108 107 110 840 835 1463 1449 1544 1021 320 323 412 413 955 858 1355 1356 851 184 956 964 1004 1005 971 959 947 553
997 999 522 524 517 519 648 2060 2055 1943 1938 639 874 883 1426 1428 1511 1514 790 1119 1635 1628 531 878 877 1121 1117 1141 1132 121 115 527 970 969 1052 1052 501 1448 1449 211 208 1324 1324 880 881 848 923 916 192 195 920 918 1002 1007 955 0 2194 1477 1473 1556 1557 1523 1513 1305 1314 916 915 2135 2144 2117 2115 1281 1280 1006 1063 861 860 1509 1511 1391 1376 1519 751 1035 1029 1318 1324 24 1122 573 576 792 775 1036 1041 1046 1047 939 935 1015 616
2854 2856 1676 1672 1679 1678 1609 597 598 634 634 1634 1731 1723 983 983 2650 2652 2327 2542 2305 2308 2021 1442 1443 2939 2941 1198 1206 2075 2081 2721 3162 3161 1386 1387 1803 753 753 2397 2396 2060 2059 1988 1969 3003 3079 3072 2385 2388 1612 1613 1244 1241 1925 2194 0 2612 2607 2557 2556 2578 2577 1252 1247 1282 1283 467 482 458 458 1882 1882 2028 1938 1883 1879 2700 2691 900 910 775 1464 1605 1602 1711 1722 2172 2774 2766 2770 1405 1908 1162 1156 1148 1147 1255 1259 1183 2323
853 853 1609 1598 1599 1601 1806 2149 2145 2051 2049 1328 994 997 1634 1634 40 43 687 383 463 455 1015 1346 1345 812 821 2144 2139 1455 1456 1596 1711 1709 2184 2184 1799 1976 1977 1434 1443 556 556 756 770 1960 2005 2000 1477 1472 1096 1096 1954 1959 765 1477 2612 0 5 138 141 83 75 1363 1367 1775 1774 2288 2285 2280 2278 731 731 652 706 856 860 90 80 2227 2213 2304 1766 1048 1053 905 895 1487 583 1636 1635 1609 892 1721 1729 1769 1770 1735 1724 1712 865
853 852 1604 1593 1594 1596 1801 2144 2140 2046 2044 1322 989 991 1628 1628 46 49 683 380 460 452 1010 1340 1340 812 822 2139 2134 1451 1451 1594 1710 1708 2179 2179 1794 1971 1971 1431 1440 550 551 751 765 1958 2003 1998 1474 1469 1090 1091 1949 1954 759 1473 2607 5 0 138 140 82 73 1357 1362 1770 1769 2283 2280 2275 2273 725 726 646 701 850 854 95 85 2221 2208 2298 1760 1043 1048 900 890 1483 582 1633 1632 1604 887 1715 1723 1763 1764 1730 1718 1706 861
987 987 1647 1636 1638 1639 1842 2075 2071 1981 1979 1351 998 999 1587 1587 145 145 773 498 337 329 1071 1345 1344 950 959 2154 2150 1525 1526 1708 1840 1838 2206 2206 1849 1946 1947 1528 1537 499 500 780 792 2077 2124 2119 1570 1566 1090 1091 1965 1970 771 1556 2557 138 138 0 2 55 64 1317 1320 1784 1783 2216 2213 2209 2208 677 678 662 697 871 875 207 194 2219 2206 2289 1790 1029 1034 846 835 1565 718 1749 1748 1623 919 1716 1724 1765 1766 1740 1728 1708 955
989 989 1647 1636 1638 1639 1842 2073 2069 1980 1977 1351 997 998 1586 1586 148 148 774 500 334 327 1071 1344 1344 952 961 2154 2150 1526 1527 1709 1842 1840 2206 2206 1849 1945 1946 1529 1539 497 498 780 792 2079 2125 2120 1571 1567 1090 1090 1965 1970 771 1557 2556 141 140 2 0 57 66 1315 1319 1784 1783 2214 2211 2208 2206 676 677 662 696 871 874 209 197 2218 2205 2288 1789 1028 1033 844 833 1566 720 1750 1750 1623 919 1715 1723 1765 1765 1740 1728 1707 956
934 933 1631 1620 1621 1622 1826 2103 2100 2008 2006 1340 994 996 1604 1604 94 94 736 450 386 378 1046 1343 1343 895 904 2149 2145 1496 1497 1663 1788 1786 2196 2196 1828 1957 1958 1490 1499 517 518 767 780 2030 2076 2071 1532 1527 1090 1091 1959 1964 766 1523 2578 83 82 55 57 0 10 1333 1337 1779 1778 2244 2241 2237 2235 695 696 654 697 862 866 156 144 2221 2207 2293 1779 1034 1040 867 857 1533 664 1703 1702 1616 906 1716 1724 1765 1766 1737 1725 1708 917
924 923 1623 1612 1613 1615 1818 2103 2100 2008 2005 1333 988 990 1602 1602 89 89 726 440 392 384 1038 1338 1337 885 894 2143 2138 1486 1487 1652 1778 1776 2189 2189 1819 1953 1954 1480 1489 516 517 760 773 2020 2065 2060 1522 1517 1085 1085 1953 1958 760 1513 2577 75 73 64 66 10 0 1331 1335 1773 1772 2244 2240 2236 2234 694 694 648 692 856 859 151 139 2216 2202 2289 1772 1030 1035 866 855 1523 654 1693 1692 1610 898 1711 1719 1760 1761 1731 1719 1703 907
1671 1672 940 928 935 935 1039 860 855 746 742 672 540 530 270 271 1401 1403 1130 1301 1101 1102 915 439 440 1739 1743 1064 1064 1191 1197 1787 2169 2168 1202 1203 1181 651 652 1456 1460 818 817 768 749 2146 2219 2212 1466 1466 433 435 910 913 691 1305 1252 1363 1357 1317 1315 1333 1331 0 9 756 756 979 981 967 964 639 638 785 690 673 671 1449 1441 1004 994 1037 892 377 377 478 490 1292 1550 1837 1840 692 724 592 597 640 640 690 680 599 1175
1679 1680 948 937 944 944 1046 852 848 738 735 681 548 538 267 267 1405 1407 1138 1308 1103 1103 924 448 449 1746 1750 1068 1068 1200 1206 1796 2178 2177 1208 1208 1189 650 651 1465 1469 821 820 775 757 2155 2228 2221 1475 1475 442 444 915 918 699 1314 1247 1367 1362 1320 1319 1337 1335 9 0 762 762 972 973 960 957 643 642 792 696 681 679 1454 1446 1006 996 1037 899 385 385 480 492 1301 1557 1846 1849 699 732 597 602 645 645 696 687 604 1183
1710 1712 395 392 399 397 355 1239 1234 1130 1126 470 786 785 701 703 1816 1819 1250 1552 1680 1677 876 448 449 1816 1815 370 366 800 806 1442 1887 1886 457 458 545 554 554 1123 1122 1339 1338 1021 1006 1723 1799 1792 1109 1111 702 701 181 186 1013 916 1282 1775 1770 1784 1784 1779 1773 756 762 0 1 1284 1295 1264 1261 1191 1190 1125 1090 919 915 1845 1842 506 491 623 193 793 786 1099 1111 893 1709 1486 1489 173 891 184 183 160 160 65 75 169 1178
1708 1710 393 390 397 396 354 1240 1236 1131 1127 469 785 784 702 703 1815 1818 1249 1551 1679 1676 875 448 448 1815 1814 371 366 798 804 1441 1886 1885 458 458 543 555 555 1122 1121 1338 1337 1020 1005 1722 1798 1791 1107 1110 702 701 182 187 1012 915 1283 1774 1769 1783 1783 1778 1772 756 762 1 0 1285 1296 1265 1262 1191 1189 1124 1089 918 914 1844 1841 508 493 624 192 793 786 1099 1111 892 1707 1484 1488 172 889 184 184 161 161 65 75 169 1177
2648 2649 1649 1642 1650 1649 1638 147 149 237 240 1516 1510 1501 746 745 2323 2325 2107 2274 1936 1940 1856 1290 1292 2718 2722 1334 1341 2014 2020 2656 3074 3073 1531 1531 1828 738 738 2321 2323 1732 1731 1747 1729 2977 3053 3046 2319 2321 1396 1397 1312 1311 1670 2135 467 2288 2283 2216 2214 2244 2244 979 972 1284 1285 0 17 20 23 1560 1560 1760 1660 1651 1648 2377 2368 1068 1071 977 1477 1356 1356 1384 1394 2116 2529 2704 2707 1357 1695 1120 1117 1126 1126 1237 1236 1140 2138
2650 2652 1659 1652 1660 1659 1650 139 142 236 239 1524 1513 1504 751 750 2320 2322 2110 2274 1931 1935 1861 1297 1298 2720 2724 1348 1355 2022 2028 2664 3081 3080 1545 1545 1840 750 750 2329 2331 1729 1729 1749 1731 2986 3062 3055 2328 2329 1399 1401 1325 1324 1672 2144 482 2285 2280 2213 2211 2241 2240 981 973 1295 1296 17 0 35 38 1558 1558 1761 1660 1653 1650 2375 2365 1083 1087 993 1488 1358 1358 1382 1392 2124 2530 2712 2715 1367 1698 1130 1127 1137 1137 1248 1247 1151 2142
2635 2636 1631 1624 1632 1630 1619 146 149 228 231 1500 1497 1487 732 730 2315 2317 2094 2263 1931 1935 1841 1274 1275 2705 2709 1314 1321 1996 2002 2638 3057 3056 1510 1511 1809 718 718 2304 2306 1724 1723 1735 1716 2959 3035 3028 2302 2303 1382 1383 1292 1291 1658 2117 458 2280 2275 2209 2208 2237 2236 967 960 1264 1265 20 35 0 3 1552 1551 1749 1649 1638 1635 2369 2360 1048 1051 957 1457 1344 1343 1376 1385 2098 2517 2686 2690 1338 1681 1101 1098 1107 1107 1218 1217 1122 2124
2632 2633 1628 1621 1629 1627 1616 146 148 226 229 1497 1494 1485 729 728 2313 2315 2092 2261 1929 1933 1838 1272 1273 2703 2706 1311 1318 1993 1999 2636 3055 3053 1508 1508 1806 715 715 2301 2303 1722 1721 1732 1714 2956 3032 3025 2299 2300 1379 1381 1289 1288 1656 2115 458 2278 2273 2208 2206 2235 2234 964 957 1261 1262 23 38 3 0 1550 1549 1747 1647 1635 1633 2368 2358 1045 1049 955 1455 1341 1340 1374 1383 2095 2515 2683 2687 1336 1679 1098 1095 1104 1104 1215 1214 1119 2121
1223 1224 1165 1152 1156 1157 1337 1424 1420 1323 1321 836 455 450 909 910 768 770 725 754 491 489 754 743 743 1256 1262 1555 1552 1203 1207 1630 1915 1913 1641 1641 1402 1276 1277 1348 1355 178 177 417 410 2017 2081 2074 1377 1374 497 498 1372 1376 329 1281 1882 731 725 677 676 695 694 639 643 1191 1191 1560 1558 1552 1550 0 1 321 227 420 421 819 810 1577 1565 1635 1244 397 405 176 167 1280 1033 1679 1680 1051 506 1089 1097 1140 1141 1138 1126 1085 857
1222 1223 1163 1151 1155 1156 1336 1424 1420 1323 1320 834 454 449 909 909 768 770 725 753 492 491 752 742 742 1256 1262 1554 1551 1202 1205 1629 1914 1912 1640 1640 1401 1275 1275 1347 1354 179 178 415 409 2016 2080 2073 1376 1373 495 497 1371 1375 328 1280 1882 731 726 678 677 696 694 638 642 1190 1189 1560 1558 1551 1549 1 0 320 226 418 420 820 811 1576 1563 1633 1243 396 403 175 167 1278 1033 1678 1679 1050 504 1088 1095 1139 1140 1136 1124 1084 856
927 928 995 983 985 987 1186 1634 1629 1524 1521 690 342 345 1046 1047 693 695 408 516 639 633 475 694 694 976 981 1494 1490 944 946 1316 1593 1592 1544 1544 1211 1348 1349 1048 1056 318 318 130 136 1704 1766 1760 1080 1077 448 448 1305 1310 113 1006 2028 652 646 662 662 654 648 785 792 1125 1124 1760 1761 1749 1747 321 320 0 108 208 212 726 721 1577 1563 1657 1127 423 427 446 444 1008 771 1365 1366 961 265 1070 1078 1117 1118 1083 1072 1060 537
1036 1037 999 987 990 991 1183 1532 1528 1423 1420 680 306 305 955 955 747 749 515 614 618 614 532 648 647 1083 1089 1460 1456 991 994 1402 1692 1691 1522 1522 1226 1273 1274 1122 1129 276 275 189 184 1790 1853 1846 1152 1149 393 394 1272 1276 108 1063 1938 706 701 697 696 697 692 690 696 1090 1089 1660 1660 1649 1647 227 226 108 0 213 216 786 780 1523 1510 1597 1111 344 348 339 337 1063 876 1451 1452 933 293 1019 1027 1068 1069 1044 1032 1011 634
998 999 791 779 782 783 980 1533 1529 1419 1416 481 153 160 914 915 897 900 456 670 829 824 338 498 498 1068 1071 1288 1283 783 787 1236 1561 1559 1335 1335 1014 1177 1178 938 945 489 489 109 91 1620 1687 1680 964 962 272 271 1098 1103 107 861 1883 856 850 871 871 862 856 673 681 919 918 1651 1653 1638 1635 420 418 208 213 0 3 927 923 1380 1366 1466 918 296 296 473 476 859 891 1286 1288 754 86 874 882 920 921 880 868 863 517
1000 1001 788 776 779 780 976 1531 1527 1417 1413 478 150 157 911 912 900 903 459 674 832 827 338 495 494 1070 1074 1284 1279 782 785 1236 1562 1560 1331 1331 1011 1174 1174 938 945 492 491 112 94 1620 1686 1680 963 961 269 268 1094 1099 110 860 1879 860 854 875 874 866 859 671 679 915 914 1648 1650 1635 1633 421 420 212 216 3 0 931 927 1377 1363 1462 915 294 293 473 476 858 894 1286 1288 750 86 870 878 916 917 876 864 859 519
825 824 1666 1656 1656 1658 1864 2239 2235 2141 2138 1393 1069 1072 1720 1720 62 61 720 395 542 534 1065 1421 1420 772 781 2214 2208 1494 1494 1599 1690 1688 2248 2248 1849 2059 2060 1454 1464 645 646 824 839 1956 1997 1992 1498 1493 1173 1173 2023 2028 840 1509 2700 90 95 207 209 156 151 1449 1454 1845 1844 2377 2375 2369 2368 819 820 726 786 927 931 0 12 2303 2289 2382 1829 1130 1135 994 984 1521 553 1636 1635 1678 958 1796 1804 1844 1845 1807 1796 1786 893
834 834 1665 1654 1655 1657 1862 2229 2225 2131 2129 1390 1064 1067 1712 1713 50 49 722 399 530 522 1065 1416 1415 782 792 2210 2205 1495 1496 1605 1699 1697 2245 2245 1849 2052 2053 1458 1468 636 636 821 836 1963 2005 2000 1502 1497 1168 1168 2020 2025 835 1511 2691 80 85 194 197 144 139 1441 1446 1842 1841 2368 2365 2360 2358 810 811 721 780 923 927 12 0 2298 2284 2376 1827 1124 1128 985 975 1523 562 1643 1642 1675 955 1791 1800 1839 1840 1803 1791 1782 896
2217 2218 874 875 880 878 755 1083 1079 1005 1000 968 1234 1231 810 812 2268 2271 1747 2037 2067 2065 1379 883 883 2322 2321 298 307 1281 1287 1905 2356 2355 486 487 940 420 420 1601 1599 1743 1742 1488 1471 2147 2222 2215 1581 1584 1131 1131 388 384 1463 1391 900 2227 2221 2219 2218 2221 2216 1004 1006 506 508 1068 1083 1048 1045 1577 1576 1577 1523 1380 1377 2303 2298 0 15 132 640 1192 1186 1449 1461 1366 2208 1945 1949 676 1367 506 498 460 460 519 529 518 1684
2202 2203 859 860 866 864 741 1084 1081 1005 1001 954 1220 1217 803 804 2254 2257 1732 2022 2054 2053 1364 869 869 2307 2307 288 296 1267 1272 1891 2342 2341 478 478 927 416 415 1587 1585 1730 1729 1474 1457 2134 2209 2202 1567 1570 1117 1117 374 370 1449 1376 910 2213 2208 2206 2205 2207 2202 994 996 491 493 1071 1087 1051 1049 1565 1563 1563 1510 1366 1363 2289 2284 15 0 145 626 1179 1173 1437 1449 1352 2193 1931 1935 661 1352 493 485 446 445 505 515 503 1669
2328 2330 1000 1000 1006 1004 886 1006 1003 939 935 1074 1317 1312 818 819 2344 2347 1848 2129 2120 2120 1486 968 968 2431 2431 428 437 1408 1414 2035 2486 2485 611 612 1073 406 405 1729 1728 1805 1804 1574 1557 2280 2355 2348 1710 1713 1208 1208 518 514 1544 1519 775 2304 2298 2289 2288 2293 2289 1037 1037 623 624 977 993 957 955 1635 1633 1657 1597 1466 1462 2382 2376 132 145 0 768 1260 1254 1497 1509 1495 2310 2076 2079 787 1458 596 587 554 553 628 636 609 1793
1609 1611 234 236 241 239 164 1431 1427 1322 1317 438 806 808 875 877 1806 1809 1188 1508 1721 1717 804 514 514 1721 1720 420 412 640 646 1271 1720 1719 418 418 351 746 746 961 959 1375 1375 1011 998 1538 1614 1607 942 945 747 745 254 259 1021 751 1464 1766 1760 1790 1789 1779 1772 892 899 193 192 1477 1488 1457 1455 1244 1243 1127 1111 918 915 1829 1827 640 626 768 0 855 847 1176 1187 727 1636 1312 1316 205 873 367 369 351 352 244 248 349 1092
1294 1295 803 791 796 796 960 1237 1233 1124 1120 477 177 166 626 627 1089 1091 753 936 888 885 572 346 346 1362 1365 1158 1155 934 939 1472 1827 1826 1245 1245 1049 929 930 1154 1159 552 552 391 372 1847 1917 1910 1171 1170 122 124 974 978 320 1035 1605 1048 1043 1029 1028 1034 1030 377 385 793 793 1356 1358 1344 1341 397 396 423 344 296 294 1130 1124 1192 1179 1260 855 0 7 326 336 1026 1176 1523 1525 657 353 696 703 746 747 740 728 690 805
1294 1295 796 783 788 789 953 1237 1233 1123 1120 469 173 163 624 625 1094 1096 753 939 895 892 568 339 339 1362 1366 1150 1147 928 933 1468 1824 1823 1237 1238 1042 925 925 1149 1154 559 558 392 373 1842 1912 1905 1166 1165 115 117 967 971 323 1029 1602 1053 1048 1034 1033 1040 1035 377 385 786 786 1356 1358 1343 1340 405 403 427 348 296 293 1135 1128 1186 1173 1254 847 7 0 334 344 1020 1178 1518 1521 649 351 689 696 740 740 733 721 684 804
1371 1372 1129 1117 1122 1122 1287 1248 1244 1147 1145 801 448 440 745 745 942 944 854 920 625 625 809 663 663 1412 1418 1453 1451 1228 1232 1709 2022 2020 1556 1556 1374 1125 1126 1410 1416 350 349 508 496 2093 2160 2153 1434 1432 446 448 1276 1280 412 1318 1711 905 900 846 844 867 866 478 480 1099 1099 1384 1382 1376 1374 176 175 446 339 473 473 994 985 1449 1437 1497 1176 326 334 0 12 1313 1195 1759 1761 975 558 978 985 1029 1030 1041 1029 977 964
1368 1368 1139 1126 1131 1132 1297 1257 1253 1157 1154 810 455 447 757 757 932 933 852 914 612 613 813 674 674 1408 1414 1465 1463 1234 1238 1712 2022 2021 1568 1568 1384 1138 1138 1414 1420 340 339 508 497 2097 2163 2156 1438 1436 455 457 1288 1292 413 1324 1722 895 890 835 833 857 855 490 492 1111 1111 1394 1392 1385 1383 167 167 444 337 476 476 984 975 1461 1449 1509 1187 336 344 12 0 1319 1190 1762 1764 987 561 990 997 1041 1042 1053 1041 989 965
