0 217 259 102 32 322 245 121 305 482 202 244 46 162 346 300 345 166 131 376 223 97 134 308 252 99 362 247 245 380 297 104 158 151 133 324 189 266 340 228 353 272 191 231 67 17 226 188 420 63 105 152 241 155 243 163 107 40 215 129 365 322 248 125 350 411 104 210 186 74 304 342 352 138 282 123 362 343 70 325 288 236 81 213 345 364 260 330 300 178 165 277 83 344 37 140 104 149 91 78 368 471 346 150 479 136 361 133 242 299 225 179 232 294 219 376 368 158 103 190 104 449 393 382 152 263 370 254 196 85 324 363 219 303 79 338 125 57 339 20 116 148 379 99 356 53 109 358 224 282 324
217 0 247 278 235 415 436 113 204 440 404 432 241 321 523 476 215 180 152 338 13 132 325 108 416 314 532 400 38 407 436 316 123 327 196 463 296 455 507 235 509 323 401 104 153 234 392 194 399 280 307 299 326 284 215 217 144 256 188 88 541 230 377 93 501 333 303 391 31 287 390 160 171 119 219 118 323 147 257 417 103 51 256 381 157 255 425 124 111 386 132 465 188 307 193 357 266 175 249 217 375 425 433 317 425 345 318 96 166 122 319 262 18 246 46 279 185 68 175 146 255 371 379 389 339 211 209 452 43 254 202 230 411 421 201 126 274 195 213 212 170 69 296 279 196 183 129 527 221 158 270
259 247 0 362 244 194 321 184 107 223 320 313 234 206 369 327 155 97 141 117 239 267 252 238 267 296 367 241 235 159 252 290 141 232 126 271 139 332 340 32 330 93 337 151 219 261 252 73 166 282 262 186 125 162 32 99 293 269 61 231 382 102 199 221 316 158 359 273 235 321 167 224 226 160 60 176 102 247 330 194 209 209 340 249 233 143 274 258 216 321 129 338 176 84 273 340 362 114 195 186 128 212 204 216 219 378 102 192 88 200 132 110 242 47 204 140 238 201 158 104 359 193 141 143 409 49 207 346 205 343 138 168 306 218 316 278 184 294 148 239 146 234 132 223 197 279 182 359 36 131 71
102 278 362 0 123 410 287 209 402 585 236 289 137 241 391 351 439 268 230 479 288 146 195 381 315 130 412 318 313 479 370 141 252 221 235 396 283 307 394 331 412 371 211 319 155 103 292 291 522 108 162 238 336 247 345 265 136 105 316 196 410 421 330 197 413 513 40 267 250 67 396 424 435 231 383 213 465 419 32 414 366 310 23 278 424 462 322 401 378 205 261 318 186 447 96 140 17 251 185 179 470 574 435 226 582 84 464 216 340 380 320 279 296 396 294 475 450 235 205 288 30 551 495 483 61 365 458 286 270 24 419 457 262 385 78 405 215 85 434 123 218 213 480 178 444 99 200 410 326 375 426
32 235 244 123 0 292 215 130 300 464 174 213 14 130 314 269 343 156 127 360 240 124 102 319 219 78 330 215 260 355 264 81 159 119 118 292 160 235 308 212 320 247 166 235 82 20 194 176 400 47 76 121 213 126 231 145 137 26 205 148 333 315 216 142 317 399 115 179 204 77 275 349 359 142 273 130 346 353 91 295 297 248 105 180 352 358 228 342 309 152 164 246 73 328 69 124 128 139 62 57 346 453 316 117 463 137 346 144 238 306 197 155 248 282 231 367 375 172 95 187 130 436 373 360 164 254 372 225 209 110 322 361 189 272 111 351 95 89 337 23 109 167 368 66 358 84 115 326 209 281 311
322 415 194 410 292 0 214 317 299 276 245 205 277 171 210 182 344 235 269 221 410 381 225 428 145 293 198 121 413 123 90 282 292 195 228 95 135 214 175 188 155 100 276 334 322 312 151 222 211 303 254 172 90 166 221 200 404 305 236 366 217 288 85 356 138 292 388 185 394 347 26 418 420 301 252 310 219 441 381 3 400 388 395 159 427 321 146 450 407 265 283 214 263 214 353 319 418 242 230 249 151 274 25 186 291 384 226 332 277 392 100 159 415 231 378 306 431 353 261 272 422 309 189 155 433 243 398 240 372 401 329 354 216 46 399 469 196 375 338 303 258 377 287 232 389 365 306 190 203 325 237
245 436 321 287 215 214 0 322 420 481 52 9 204 122 104 66 469 288 292 403 437 339 113 497 69 158 125 94 452 332 130 148 328 109 253 145 182 20 110 294 134 254 83 400 290 228 71 293 413 189 139 146 206 168 331 251 352 208 323 355 123 422 139 347 141 467 250 49 406 220 219 511 517 322 376 318 395 524 268 218 470 434 283 71 517 464 69 521 481 83 326 32 247 383 282 152 301 281 187 218 350 476 235 121 491 224 400 339 370 472 193 216 445 368 418 460 532 367 263 334 311 494 387 358 281 359 514 26 401 290 449 484 26 170 317 535 165 299 462 237 270 373 449 157 501 298 306 124 304 423 389
121 113 184 209 130 317 322 0 195 403 292 318 132 208 410 362 230 90 48 296 115 84 212 188 303 209 420 288 132 334 327 210 46 213 89 354 189 341 394 160 398 236 291 110 55 134 279 112 350 177 197 186 227 173 157 117 110 154 124 50 428 216 269 39 391 315 222 277 84 196 294 221 231 24 184 7 280 223 181 320 167 118 186 267 223 255 312 211 179 275 57 351 74 262 113 255 203 77 135 104 310 390 338 203 395 258 278 17 134 177 217 159 123 203 101 271 247 45 62 86 196 354 325 325 267 168 250 338 80 186 210 248 297 316 144 221 160 126 224 110 60 60 279 166 235 111 15 414 149 165 233
305 204 107 402 300 299 420 195 0 237 412 412 295 300 475 432 49 147 174 143 191 277 337 152 371 367 474 346 177 239 359 363 150 322 187 379 238 433 447 126 438 200 425 102 247 313 354 132 205 345 340 277 232 254 89 174 300 327 100 228 488 26 305 221 424 129 410 371 205 377 273 123 122 172 47 190 129 150 372 300 128 154 379 349 133 59 378 168 130 408 141 440 226 117 306 414 398 161 267 248 199 223 308 306 221 438 122 194 63 111 237 204 191 69 158 77 132 187 204 114 392 168 191 211 457 61 99 444 171 380 30 64 403 326 340 188 268 322 41 288 191 222 92 300 89 306 202 466 116 46 77
482 440 223 585 464 276 481 403 237 0 499 472 453 394 486 458 245 321 364 107 428 488 450 383 413 505 472 387 414 152 366 497 357 423 349 370 326 485 450 254 427 234 524 336 443 482 411 297 68 498 468 380 282 360 246 319 513 487 278 447 491 211 341 438 410 115 579 441 437 539 263 339 333 378 224 396 122 369 552 273 362 391 563 414 350 199 416 394 362 510 346 486 399 141 497 545 585 338 409 406 131 14 264 408 26 593 125 409 278 344 298 314 428 200 393 171 334 411 382 318 583 90 95 123 628 236 288 508 404 567 248 239 476 322 540 414 389 517 243 461 370 446 148 431 289 503 403 464 260 283 172
202 404 320 236 174 245 52 292 412 499 0 56 165 113 155 118 460 272 268 413 407 299 80 474 105 109 177 124 424 356 169 101 304 90 234 189 181 71 162 290 185 266 33 379 253 185 94 281 430 143 98 135 217 158 325 238 309 163 312 320 174 417 162 313 191 472 199 60 373 170 245 493 500 295 371 289 404 503 219 249 449 407 234 86 498 460 108 498 460 31 304 82 218 390 239 99 250 262 158 189 367 493 268 105 507 172 407 308 357 453 202 210 415 367 391 460 516 337 236 316 261 503 403 377 229 353 502 52 372 240 440 477 32 203 271 510 146 254 453 198 246 339 451 125 489 254 276 176 297 409 390
244 432 313 289 213 205 9 318 412 472 56 0 202 116 102 62 462 282 287 394 433 337 111 491 60 159 122 85 447 323 121 149 322 104 247 137 174 23 106 287 129 245 88 394 287 227 62 286 403 190 138 140 197 161 323 244 351 207 316 352 122 414 130 344 134 458 253 42 402 222 210 504 511 317 368 314 386 518 270 209 465 429 285 63 511 456 60 515 475 87 320 33 243 375 281 156 303 276 183 214 341 467 226 116 482 228 391 335 363 466 185 208 440 360 413 452 526 363 258 328 312 485 378 349 285 352 507 36 396 292 442 477 27 161 317 530 160 299 454 236 265 370 440 154 495 297 302 121 296 416 381
46 241 234 137 14 277 204 132 295 453 165 202 0 115 302 256 339 149 124 350 245 135 91 321 206 76 317 201 264 342 250 77 157 105 110 278 146 224 295 202 306 234 160 234 88 35 180 168 388 50 67 106 199 111 223 135 149 34 198 155 321 309 202 148 303 391 125 166 210 86 261 349 358 142 266 131 336 354 105 280 298 251 119 167 353 352 214 344 310 145 161 235 69 318 83 123 142 133 47 48 334 442 301 103 452 144 336 147 233 306 183 142 253 274 234 360 374 176 91 183 145 427 361 347 175 247 370 215 213 124 318 357 178 257 126 354 80 103 332 34 104 174 360 52 356 98 117 313 200 278 303
162 321 206 241 130 171 122 208 300 394 113 116 115 0 202 154 349 166 172 303 321 242 57 376 96 122 212 86 334 260 134 112 207 28 131 162 70 138 187 177 195 160 132 278 186 149 71 171 326 133 84 24 114 46 212 129 261 138 202 247 220 304 88 238 190 360 217 73 292 177 160 388 395 204 258 202 293 402 213 174 349 314 228 59 395 348 105 399 359 116 204 147 134 279 198 154 250 159 78 108 265 387 196 15 400 214 296 225 248 350 97 97 328 254 299 346 410 252 146 212 256 392 299 276 262 240 393 144 284 234 328 365 102 144 242 414 47 219 342 147 152 264 338 64 380 213 192 207 185 301 277
346 523 369 391 314 210 104 410 475 486 155 102 302 202 0 47 524 361 373 428 523 437 211 573 108 262 27 130 535 334 123 252 408 199 331 116 242 83 36 349 64 285 183 474 384 329 131 360 422 292 241 224 244 241 387 321 452 310 387 448 19 472 170 439 80 497 354 136 495 324 227 579 584 406 429 405 423 595 372 213 545 515 387 142 587 511 100 596 555 186 404 72 336 415 383 254 405 358 277 308 362 485 223 207 502 326 429 427 434 544 238 279 530 415 500 502 598 454 348 406 415 518 400 366 382 414 574 108 486 394 505 537 129 166 420 612 249 401 517 336 353 465 486 252 562 399 395 31 361 487 430
300 476 327 351 269 182 66 362 432 458 118 62 256 154 47 0 481 314 326 393 476 391 166 526 62 221 61 86 488 306 91 210 360 152 284 95 196 50 44 305 68 247 150 427 337 284 84 314 392 250 197 177 203 194 343 274 406 265 342 401 65 430 129 392 78 460 316 90 447 284 195 533 539 358 386 357 387 549 331 185 498 468 346 94 541 470 54 550 509 149 356 42 288 378 338 218 365 311 230 261 330 455 199 160 472 291 392 379 389 498 195 233 483 373 453 462 553 407 300 360 374 484 368 336 347 371 530 80 438 353 462 495 89 136 376 565 202 356 474 290 306 418 447 205 518 353 347 58 317 442 390
345 215 155 439 343 344 469 230 49 245 460 462 339 349 524 481 0 193 216 166 202 306 385 139 420 412 522 395 182 274 407 409 188 370 233 427 288 482 496 176 485 246 473 124 284 354 404 180 226 389 386 326 281 303 138 222 328 369 148 256 537 56 354 250 471 130 449 420 223 418 319 94 90 208 95 226 155 124 410 345 121 164 416 399 105 45 427 148 119 456 180 489 269 147 342 460 433 206 314 293 232 230 351 355 225 480 147 226 106 101 286 253 199 113 172 73 95 214 247 156 426 163 217 242 496 110 54 493 190 416 21 18 452 373 373 168 316 357 7 329 234 246 97 347 48 341 239 514 165 65 111
166 180 97 268 156 235 288 90 147 321 272 282 149 166 361 314 193 0 44 214 175 171 194 212 252 220 365 231 181 243 261 216 57 183 40 286 121 304 339 70 337 147 281 113 121 171 231 23 263 199 193 142 146 121 77 40 196 182 49 140 377 159 201 129 327 245 269 239 159 233 210 222 229 69 116 82 198 236 236 237 184 157 245 222 229 203 260 235 194 265 48 313 83 180 176 267 267 17 121 101 220 309 254 168 316 293 197 102 86 184 140 84 180 128 145 211 244 119 62 46 263 283 238 235 318 98 230 310 137 248 171 210 268 242 218 251 126 196 186 147 50 147 212 154 217 181 85 359 61 137 158
131 152 141 230 127 269 292 48 174 364 268 287 124 172 373 326 216 44 0 256 150 126 187 206 265 199 381 248 161 287 284 198 36 183 44 311 144 309 355 114 357 187 272 112 79 138 242 67 307 174 179 149 179 133 118 69 152 153 87 98 390 191 225 87 348 283 235 244 127 202 245 227 236 33 152 41 241 235 199 272 180 142 207 232 232 233 274 230 192 255 37 319 54 223 135 247 227 29 109 81 265 352 289 170 358 264 239 63 111 185 170 111 157 168 127 245 251 85 33 60 223 322 282 279 283 135 246 310 112 209 195 234 269 270 176 243 126 154 209 113 21 108 249 143 231 139 41 375 105 154 198
376 338 117 479 360 221 403 296 143 107 413 394 350 303 428 393 166 214 256 0 327 381 356 295 340 406 418 312 316 118 304 399 250 331 243 315 234 410 394 148 376 149 436 234 335 378 332 190 62 396 371 286 197 265 139 214 406 384 171 340 436 118 266 331 359 70 475 359 333 436 201 259 256 271 120 289 15 288 447 220 271 292 458 333 270 126 345 309 273 420 239 414 293 33 390 449 479 231 308 302 76 95 218 315 102 492 20 302 173 254 211 215 328 94 292 101 262 305 275 211 477 91 51 82 525 130 218 430 300 461 162 167 394 262 432 330 291 410 162 356 263 340 76 332 215 396 296 410 153 188 68
223 13 239 288 240 410 437 115 191 428 407 433 245 321 523 476 202 175 150 327 0 142 327 95 415 319 532 399 25 398 433 321 119 328 194 460 293 456 506 228 508 317 405 92 158 239 392 188 388 285 311 298 321 283 206 213 154 261 180 95 541 218 374 99 499 321 312 392 38 295 384 147 158 117 208 119 312 135 266 412 89 38 266 381 144 242 424 113 98 389 127 466 190 296 201 363 276 171 250 219 365 414 427 317 413 353 307 98 156 108 315 258 8 235 35 266 172 70 175 139 266 359 369 379 349 201 195 454 38 264 189 217 413 417 211 116 274 204 199 217 169 76 284 282 183 192 131 526 213 146 259
97 132 267 146 124 381 339 84 277 488 299 337 135 242 437 391 306 171 126 381 142 0 226 235 337 196 451 328 166 413 374 201 131 238 157 402 246 359 428 241 437 310 288 182 59 114 312 194 433 160 200 226 292 221 242 189 25 137 209 52 456 299 319 56 432 399 171 301 103 158 359 279 291 109 268 91 365 274 125 384 222 165 124 299 279 336 346 255 232 275 142 370 118 347 64 234 135 155 164 136 392 475 403 233 480 214 362 82 218 237 280 223 149 288 149 354 306 93 122 171 125 438 408 406 207 253 318 350 125 121 288 324 313 372 70 258 197 62 302 101 128 67 363 185 304 52 85 447 231 241 318
134 325 252 195 102 225 113 212 337 450 80 111 91 57 211 166 385 194 187 356 327 226 0 393 121 68 228 123 344 317 175 57 224 29 155 201 123 133 206 221 221 216 87 300 176 117 97 205 381 87 33 69 170 91 253 163 240 100 237 243 230 345 140 235 220 409 166 76 294 128 216 413 421 215 299 209 344 423 170 229 368 327 186 83 419 389 129 417 379 70 224 144 138 329 171 97 206 183 78 108 321 441 250 42 454 158 347 228 280 373 153 142 335 298 311 391 437 257 156 238 213 442 354 332 209 280 425 126 292 192 364 402 87 194 210 430 70 190 378 125 166 261 385 45 411 187 196 224 226 332 324
308 108 238 381 319 428 497 188 152 383 474 491 321 376 573 526 139 212 206 295 95 235 393 0 464 397 577 443 70 388 470 398 169 389 244 494 332 514 551 240 548 329 477 98 240 322 443 215 357 366 383 352 347 332 207 252 250 343 193 185 589 176 411 186 536 269 403 449 132 381 402 56 68 179 188 189 282 39 358 430 28 71 358 434 50 184 473 23 22 460 171 523 256 269 290 443 370 216 315 286 350 368 442 376 364 442 275 175 151 40 346 295 89 216 89 212 79 149 237 166 360 303 343 362 442 190 112 516 112 357 135 149 475 445 305 40 332 296 140 298 227 168 235 349 103 283 203 570 225 110 230
252 416 267 315 219 145 69 303 371 413 105 60 206 96 108 62 420 252 265 340 415 337 121 464 0 185 116 27 427 263 63 174 299 100 223 85 134 71 91 244 100 191 138 365 282 237 25 252 345 208 154 117 145 132 282 212 354 221 279 343 125 369 73 334 98 405 284 50 388 248 150 471 476 298 325 298 333 487 291 148 436 406 307 39 478 410 9 488 446 131 295 74 230 322 289 195 327 249 174 204 283 409 166 104 424 267 338 320 327 435 135 171 422 314 392 404 491 347 241 298 335 431 320 290 322 309 468 95 378 313 401 434 74 100 330 503 143 309 413 239 246 360 390 153 456 304 288 110 255 380 332
99 314 296 130 78 293 158 209 367 505 109 159 76 122 262 221 412 220 199 406 319 196 68 397 185 0 282 190 339 380 242 10 234 97 180 268 181 178 264 263 282 275 93 311 160 81 162 237 438 35 38 128 232 145 290 199 203 59 268 226 281 379 208 220 283 454 99 136 282 63 283 426 435 219 334 208 394 431 110 297 375 327 125 149 429 423 192 420 386 81 237 190 145 377 133 47 144 206 101 119 379 496 318 107 507 91 395 223 306 383 215 191 327 339 309 429 450 251 166 257 153 489 410 392 140 315 445 161 288 132 391 430 132 262 162 430 115 146 405 101 179 245 426 74 431 148 193 279 265 353 367
362 532 367 412 330 198 125 420 474 472 177 122 317 212 27 61 522 365 381 418 532 451 228 577 116 282 0 134 543 319 115 272 414 213 338 102 245 106 26 348 44 279 206 478 397 346 141 363 408 311 258 233 241 248 386 325 467 327 389 459 19 469 169 450 61 488 376 151 504 345 217 581 585 414 427 414 414 598 392 200 549 521 407 153 589 507 107 601 559 208 410 95 347 407 399 277 426 364 289 320 350 471 208 219 488 349 421 437 435 547 236 282 539 411 508 496 599 464 357 411 435 507 387 353 406 413 573 132 494 414 504 535 150 156 438 617 259 418 515 351 362 476 479 266 562 415 405 8 361 488 424
247 400 241 318 215 121 94 288 346 387 124 85 201 86 130 86 395 231 248 312 399 328 123 443 27 190 134 0 409 238 51 179 281 98 204 78 111 98 107 219 110 164 155 344 271 233 30 230 318 210 156 103 118 115 257 191 347 219 256 331 145 344 46 321 104 378 289 64 373 251 125 448 453 281 300 282 305 465 292 125 415 387 308 42 456 384 32 467 425 146 276 101 217 295 284 206 329 230 164 193 256 382 144 97 398 276 311 305 303 414 109 148 405 288 374 377 467 332 226 277 336 404 293 263 330 284 444 121 360 314 376 409 94 79 327 483 131 304 388 233 229 346 363 148 432 298 274 127 231 357 305
245 38 235 313 260 413 452 132 177 414 424 447 264 334 535 488 182 181 161 316 25 166 344 70 427 339 543 409 0 393 441 341 128 343 204 467 301 470 516 227 517 317 423 84 179 261 404 191 378 306 329 311 325 294 202 220 180 282 179 118 552 203 382 121 507 305 336 405 62 317 387 121 133 130 198 135 301 109 291 415 65 25 290 393 118 224 436 88 73 407 133 480 205 286 224 384 302 179 266 235 359 400 429 331 398 377 296 116 148 85 321 265 19 226 35 249 147 88 189 140 291 342 360 372 374 193 172 469 51 288 171 196 428 423 236 92 287 228 180 238 182 100 268 298 160 216 148 536 212 130 247
380 407 159 479 355 123 332 334 239 152 356 323 342 260 334 306 274 243 287 118 398 413 317 388 263 380 319 238 393 0 214 370 296 288 257 217 199 334 297 175 275 108 383 309 358 376 264 222 89 380 341 251 147 235 191 224 438 375 219 383 339 220 194 373 258 187 465 296 394 424 113 362 361 312 200 326 122 390 447 120 361 368 460 269 373 239 266 406 366 370 284 335 304 127 403 414 483 257 294 301 42 151 112 275 168 471 131 345 244 348 164 200 401 172 363 217 369 358 293 262 484 196 73 37 514 200 328 359 364 465 265 278 330 169 450 427 267 426 269 359 284 389 193 308 323 413 328 311 188 278 163
297 436 252 370 264 90 130 327 359 366 169 121 250 134 123 91 407 261 284 304 433 374 175 470 63 242 115 51 441 214 0 231 314 149 240 28 140 126 90 235 78 164 202 371 316 283 80 255 300 261 207 147 127 154 273 221 393 270 278 372 132 353 59 362 66 373 341 112 410 303 104 469 473 317 312 321 300 488 344 94 441 419 359 93 478 391 61 493 450 194 307 124 259 292 332 257 381 262 210 237 239 364 108 147 380 328 306 344 324 438 124 176 440 296 406 380 486 369 265 304 387 395 278 244 381 299 458 154 395 366 389 419 137 44 376 510 176 353 400 281 267 386 363 198 448 347 313 107 249 376 308
104 316 290 141 81 282 148 210 363 497 101 149 77 112 252 210 409 216 198 399 321 201 57 398 174 10 272 179 341 370 231 0 233 87 176 257 172 169 253 257 271 266 86 310 163 86 152 232 430 42 29 119 223 137 285 193 210 64 264 229 271 374 198 223 272 448 110 125 285 74 273 425 434 219 330 208 387 431 120 286 375 328 135 138 429 419 181 421 386 74 236 180 143 371 139 51 154 202 96 117 371 488 307 96 500 101 389 224 303 382 205 184 329 333 311 424 450 252 165 255 163 483 402 383 151 310 443 153 289 142 388 427 122 251 170 431 108 153 402 104 177 249 420 67 429 154 194 269 259 351 361
158 123 141 252 159 292 328 46 150 357 304 322 157 207 408 360 188 57 36 250 119 131 224 169 299 234 414 281 128 296 314 233 0 219 76 340 173 345 388 120 389 203 308 77 97 168 276 74 305 206 215 184 203 166 112 93 156 185 80 90 424 170 255 80 379 268 261 280 102 231 267 192 201 22 137 40 235 199 222 294 144 107 228 266 196 210 308 193 155 292 11 355 89 217 155 281 247 51 145 117 269 344 311 206 349 293 232 51 88 149 196 138 125 157 93 225 216 62 68 39 241 307 282 284 308 122 213 347 81 229 167 206 305 297 190 207 162 171 182 142 57 93 233 179 199 156 51 408 108 124 187
151 327 232 221 119 195 109 213 322 423 90 104 105 28 199 152 370 183 183 331 328 238 29 389 100 97 213 98 343 288 149 87 219 0 145 176 97 127 189 201 201 189 105 292 185 136 75 191 354 112 60 45 142 69 235 148 254 121 222 249 218 327 111 240 198 387 194 63 298 155 187 405 412 213 281 209 320 416 195 199 362 325 210 61 411 371 109 412 373 89 217 137 138 305 188 126 232 174 78 110 293 415 220 15 428 188 323 230 267 365 125 121 336 278 309 371 427 258 153 228 238 419 327 304 238 263 412 127 292 217 350 387 86 165 230 426 57 208 363 139 161 266 363 53 399 203 198 208 208 320 303
133 196 126 235 118 228 253 89 187 349 234 247 110 131 331 284 233 40 44 243 194 157 155 244 223 180 338 204 204 257 240 176 76 145 0 266 100 270 312 95 313 152 242 147 101 135 200 58 288 160 153 108 138 90 113 32 182 144 88 138 348 199 180 127 304 280 233 205 171 196 205 259 266 77 155 82 229 270 203 231 217 183 214 190 265 243 231 268 228 225 72 279 49 211 149 227 236 28 80 62 239 338 249 132 346 255 229 105 127 219 128 69 200 163 169 250 282 129 36 82 234 318 261 254 282 136 270 273 156 217 212 250 231 227 194 282 88 170 226 112 30 150 250 114 256 157 78 332 91 177 192
324 463 271 396 292 95 145 354 379 370 189 137 278 162 116 95 427 286 311 315 460 402 201 494 85 268 102 78 467 217 28 257 340 176 266 0 166 137 80 257 60 180 222 396 344 311 105 279 306 288 234 176 148 182 294 247 422 297 301 400 121 372 85 389 44 385 367 135 437 329 114 491 495 344 332 348 312 512 371 97 465 444 386 118 500 408 80 517 474 215 334 133 287 306 360 280 407 288 238 265 247 368 107 174 386 352 319 371 347 461 148 202 466 314 432 396 508 396 293 329 414 405 285 250 406 319 479 167 421 393 409 438 156 54 404 535 204 381 419 309 294 414 378 226 468 375 341 94 271 398 325
189 296 139 283 160 135 182 189 238 326 181 174 146 70 242 196 288 121 144 234 293 246 123 332 134 181 245 111 301 199 140 172 173 97 100 166 0 194 218 112 216 94 202 233 187 181 116 118 258 181 142 53 53 36 149 81 269 177 145 236 257 239 81 226 206 291 266 133 271 225 116 337 342 177 194 182 223 354 252 138 304 279 266 111 345 282 142 356 314 186 167 201 128 209 218 219 289 122 98 114 198 318 158 82 331 272 226 205 192 302 36 37 299 186 266 279 356 229 129 166 291 322 231 210 314 177 334 206 254 271 268 302 167 127 265 372 68 241 280 169 128 249 269 109 322 231 176 238 122 246 209
266 455 332 307 235 214 20 341 433 485 71 23 224 138 83 50 482 304 309 410 456 359 133 514 71 178 106 98 470 334 126 169 345 127 270 137 194 0 93 307 119 262 100 417 309 248 80 308 417 210 160 162 214 183 344 266 373 228 338 375 103 434 144 367 127 475 270 65 425 241 221 526 533 340 389 337 403 540 289 217 487 452 304 83 533 476 68 538 498 102 343 11 266 392 303 171 321 298 206 237 354 480 233 139 496 243 408 358 385 489 203 229 463 379 436 471 548 386 281 350 331 502 392 361 299 372 528 30 419 310 462 497 47 168 338 552 183 320 475 258 288 393 458 177 516 318 325 105 317 438 399
340 507 340 394 308 175 110 394 447 450 162 106 295 187 36 44 496 339 355 394 506 428 206 551 91 264 26 107 516 297 90 253 388 189 312 80 218 93 0 322 29 254 193 452 373 324 116 336 386 291 238 208 215 222 359 299 444 306 362 435 42 442 142 425 44 463 359 130 479 327 192 554 558 388 400 389 389 572 373 177 522 495 389 129 562 480 82 574 532 193 383 84 322 382 378 262 408 337 265 295 327 449 186 195 466 335 396 411 409 520 210 255 513 385 481 470 572 438 332 384 416 483 364 330 391 386 546 122 468 395 477 508 133 132 417 591 234 396 488 329 336 451 453 243 535 393 379 19 334 461 398
228 235 32 331 212 188 294 160 126 254 290 287 202 177 349 305 176 70 114 148 228 241 221 240 244 263 348 219 227 175 235 257 120 201 95 257 112 307 322 0 314 90 307 146 191 229 228 47 194 250 230 155 109 132 37 66 267 236 49 208 362 127 179 198 301 190 327 246 219 288 161 234 237 137 81 152 134 254 298 189 211 202 309 223 243 170 251 262 219 290 109 314 144 116 243 308 331 86 162 154 150 243 202 186 251 346 134 170 90 205 111 80 232 77 195 169 250 182 128 89 329 226 168 165 376 65 224 319 192 312 156 190 278 206 287 281 152 264 168 207 117 213 163 190 213 249 156 341 15 141 103
353 509 330 412 320 155 134 398 438 427 185 129 306 195 64 68 485 337 357 376 508 437 221 548 100 282 44 110 517 275 78 271 389 201 313 60 216 119 29 314 0 240 217 449 381 337 126 333 364 307 253 213 205 225 351 297 455 321 356 441 64 431 136 431 17 446 379 146 483 345 175 548 552 390 390 392 373 567 390 156 519 495 406 139 556 468 92 571 528 216 383 111 327 366 390 284 425 337 273 302 306 426 163 204 444 357 379 415 403 516 203 253 514 373 482 456 565 441 336 382 434 465 344 309 413 377 537 149 469 412 468 497 154 115 431 588 241 409 478 340 339 456 438 254 526 405 384 36 327 455 385
272 323 93 371 247 100 254 236 200 234 266 245 234 160 285 247 246 147 187 149 317 310 216 329 191 275 279 164 317 108 164 266 203 189 152 180 94 262 254 90 240 0 290 236 253 267 183 129 165 273 237 147 48 129 121 120 335 267 139 286 296 191 118 275 225 213 357 211 305 317 73 317 320 216 153 228 141 340 339 101 300 292 352 184 327 227 197 350 308 276 193 266 197 130 296 313 375 158 186 193 104 226 112 174 240 365 146 249 178 292 64 92 321 133 284 216 331 266 188 177 376 240 138 116 406 143 299 281 280 357 230 257 245 126 343 369 160 319 239 251 181 294 200 202 290 306 228 271 105 225 144
191 401 337 211 166 276 83 291 425 524 33 88 160 132 183 150 473 281 272 436 405 288 87 477 138 93 206 155 423 383 202 86 308 105 242 222 202 100 193 307 217 290 0 385 248 173 125 293 456 128 94 151 242 175 340 250 297 151 324 315 202 432 191 308 223 493 173 91 370 149 274 499 507 297 386 289 425 508 198 279 452 408 212 116 504 476 141 500 464 16 309 111 220 411 226 71 227 270 163 191 393 517 299 121 531 142 428 307 368 458 226 227 413 384 392 477 523 335 239 324 238 524 429 403 199 367 512 75 371 218 451 489 65 235 254 512 157 239 465 190 250 334 469 128 498 241 275 206 312 419 409
231 104 151 319 235 334 400 110 102 336 379 394 234 278 474 427 124 113 112 234 92 182 300 98 365 311 478 344 84 309 371 310 77 292 147 396 233 417 452 146 449 236 385 0 166 243 344 116 296 283 292 254 250 234 118 153 204 261 98 131 490 128 313 126 438 232 333 351 103 306 308 114 123 93 115 108 219 123 291 336 71 59 295 335 119 158 374 122 81 368 75 425 166 203 223 358 312 118 222 194 274 322 349 279 322 368 214 103 64 73 248 196 94 143 57 180 139 89 145 67 304 270 276 288 377 109 139 420 69 295 107 142 378 348 250 138 235 235 120 217 134 122 194 256 125 219 122 472 131 60 166
67 153 219 155 82 322 290 55 247 443 253 287 88 186 384 337 284 121 79 335 158 59 176 240 282 160 397 271 179 358 316 163 97 185 101 344 187 309 373 191 381 253 248 166 0 81 257 145 385 127 155 168 234 162 197 134 82 103 166 66 403 266 261 60 375 362 167 248 122 141 300 276 286 75 230 58 320 276 125 325 221 169 131 244 278 307 291 263 232 233 106 320 58 302 58 204 150 105 108 78 339 431 344 178 437 202 319 65 185 232 221 165 166 247 152 321 302 91 65 134 145 400 359 354 212 213 306 303 129 132 264 302 264 313 97 271 140 75 278 59 74 85 327 133 291 60 45 392 183 219 277
17 234 261 103 20 312 228 134 313 482 185 227 35 149 329 284 354 171 138 378 239 114 117 322 237 81 346 233 261 376 283 86 168 136 135 311 181 248 324 229 337 267 173 243 81 0 212 192 419 46 88 141 234 147 247 163 124 22 220 145 348 328 236 141 335 415 98 194 202 63 296 355 365 149 287 135 364 357 71 316 302 250 85 198 358 371 245 344 313 160 174 260 87 346 54 123 108 154 82 76 366 472 337 136 481 125 364 147 250 312 218 175 248 298 233 382 381 173 108 198 110 453 392 380 147 269 381 236 211 89 333 372 201 292 93 353 115 72 348 25 122 165 383 85 367 70 121 342 226 292 327
226 392 252 292 194 151 71 279 354 411 94 62 180 71 131 84 404 231 242 332 392 312 97 443 25 162 141 30 404 264 80 152 276 75 200 105 116 80 116 228 126 183 125 344 257 212 0 232 342 184 130 93 135 110 265 191 329 196 261 318 148 354 69 309 123 396 261 34 364 225 152 451 457 274 309 274 324 466 267 154 415 383 283 14 458 396 34 466 425 116 272 85 206 312 264 177 304 227 149 179 279 405 173 79 421 247 329 296 308 415 123 152 399 300 369 391 471 323 217 277 311 423 316 288 301 293 450 97 354 289 384 418 66 109 305 482 118 284 396 214 222 335 379 128 438 279 264 135 238 361 319
188 194 73 291 176 222 293 112 132 297 281 286 168 171 360 314 180 23 67 190 188 194 205 215 252 237 363 230 191 222 255 232 74 191 58 279 118 308 336 47 333 129 293 116 145 192 232 0 239 218 208 147 134 125 55 42 220 202 31 161 375 141 196 151 321 223 290 244 176 254 196 219 225 90 97 105 175 235 259 224 186 167 268 225 226 186 260 238 196 276 64 316 105 157 200 283 290 40 136 120 197 285 239 176 292 313 174 123 76 184 131 81 193 106 156 192 239 137 85 50 286 261 214 212 340 78 221 316 151 271 158 196 274 232 242 255 136 220 172 168 73 167 191 168 208 205 109 356 37 130 135
420 399 166 522 400 211 413 350 205 68 430 403 388 326 422 392 226 263 307 62 388 433 381 357 345 438 408 318 378 89 300 430 305 354 288 306 258 417 386 194 364 165 456 296 385 419 342 239 0 432 401 312 213 293 193 257 459 423 225 396 427 180 273 386 347 112 514 373 393 474 196 321 317 325 180 342 76 350 490 208 333 354 502 346 332 184 349 371 335 441 294 419 338 92 437 477 524 280 344 343 62 63 201 340 80 527 82 357 233 317 229 248 390 153 353 157 322 363 322 267 522 110 27 55 564 189 277 439 360 505 223 225 407 256 481 392 322 458 223 399 311 397 131 364 275 444 348 400 202 250 130
63 280 282 108 47 303 189 177 345 498 143 190 50 133 292 250 389 199 174 396 285 160 87 366 208 35 311 210 306 380 261 42 206 112 160 288 181 210 291 250 307 273 128 283 127 46 184 218 432 0 54 132 234 144 273 183 168 24 248 192 312 359 221 187 307 440 85 162 248 44 290 397 406 190 316 177 383 400 82 307 345 295 98 170 400 403 216 389 356 116 211 221 119 366 97 77 119 184 88 98 376 488 328 117 498 96 384 191 283 353 217 184 293 323 278 410 422 218 141 233 126 476 405 388 133 297 420 195 256 105 368 407 163 276 128 398 112 111 383 68 155 211 410 72 405 112 163 308 249 328 351
105 307 262 162 76 254 139 197 340 468 98 138 67 84 241 197 386 193 179 371 311 200 33 383 154 38 258 156 329 341 207 29 215 60 153 234 142 160 238 230 253 237 94 292 155 88 130 208 401 54 0 89 193 108 259 168 212 68 239 222 260 349 171 215 253 421 134 108 276 95 244 407 415 203 304 194 358 414 137 258 359 314 153 116 411 394 162 406 370 78 217 171 126 342 143 78 173 180 72 97 341 459 279 68 471 130 360 212 280 365 176 155 319 307 297 398 431 241 146 234 180 455 373 353 178 285 423 149 277 159 365 403 113 225 179 417 79 160 379 99 158 241 394 40 409 158 181 255 233 330 334
152 299 186 238 121 172 146 186 277 380 135 140 106 24 224 177 326 142 149 286 298 226 69 352 117 128 233 103 311 251 147 119 184 45 108 176 53 162 208 155 213 147 151 254 168 141 93 147 312 132 89 0 104 23 190 105 245 133 178 227 242 282 96 217 207 341 217 97 271 177 158 364 371 181 236 180 275 377 208 176 325 291 223 82 371 325 126 375 335 135 181 171 114 260 186 165 246 135 62 89 252 372 197 30 385 219 278 203 224 326 86 75 306 232 276 325 386 230 124 188 250 373 285 264 264 218 369 168 261 229 305 342 126 151 231 390 28 208 319 135 129 243 317 60 356 200 171 228 162 277 257
241 326 125 336 213 90 206 227 232 282 217 197 199 114 244 203 281 146 179 197 321 292 170 347 145 232 241 118 325 147 127 223 203 142 138 148 53 214 215 109 205 48 242 250 234 234 135 134 213 234 193 104 0 89 146 110 316 231 154 276 256 227 74 265 192 260 319 162 304 278 67 343 346 211 185 220 189 363 305 93 318 301 319 136 352 267 151 369 327 228 194 219 175 177 269 267 342 152 151 164 151 275 111 128 289 323 193 242 198 313 17 69 327 170 291 258 359 263 171 185 344 288 186 162 367 172 331 233 283 324 262 293 197 98 316 387 121 292 273 221 168 287 244 161 321 281 216 233 123 250 186
155 284 162 247 126 166 168 173 254 360 158 161 111 46 241 194 303 121 133 265 283 221 91 332 132 145 248 115 294 235 154 137 166 69 90 182 36 183 222 132 225 129 175 234 162 147 110 125 293 144 108 23 89 0 166 83 242 142 156 217 258 258 98 207 217 318 230 118 257 189 149 343 349 166 212 167 253 357 217 169 305 273 231 101 350 302 141 356 315 158 162 191 105 238 187 185 254 116 64 85 233 352 190 53 364 236 256 190 202 306 72 52 290 209 259 302 364 216 111 167 257 351 265 246 278 194 346 190 245 236 282 319 149 151 234 371 32 209 296 137 114 232 294 73 334 200 159 242 139 255 234
243 215 32 345 231 221 331 157 89 246 325 323 223 212 387 343 138 77 118 139 206 242 253 207 282 290 386 257 202 191 273 285 112 235 113 294 149 344 359 37 351 121 340 118 197 247 265 55 193 273 259 190 146 166 0 91 267 257 32 202 400 92 217 193 338 168 345 282 203 309 195 197 200 133 46 150 123 219 313 222 179 177 323 260 206 135 289 228 186 323 100 351 160 105 253 336 344 94 188 175 160 234 234 219 239 368 121 164 56 170 149 115 209 50 171 138 213 170 140 74 340 206 169 174 395 28 186 355 173 325 118 153 314 242 294 248 183 273 131 224 127 204 137 219 175 258 157 379 27 104 80
163 217 99 265 145 200 251 117 174 319 238 244 135 129 321 274 222 40 69 214 213 189 163 252 212 199 325 191 220 224 221 193 93 148 32 247 81 266 299 66 297 120 250 153 134 163 191 42 257 183 168 105 110 83 91 0 214 170 74 167 337 182 162 156 287 256 260 202 194 222 176 260 266 101 136 110 200 275 233 203 224 197 244 184 267 226 221 275 234 234 86 274 81 183 181 244 267 42 97 87 207 308 220 133 317 279 201 132 119 223 102 45 219 140 185 230 281 153 68 85 265 292 230 221 310 117 264 273 175 248 201 238 231 203 226 291 93 203 215 142 61 177 227 127 251 189 108 319 66 172 168
107 144 293 136 137 404 352 110 300 513 309 351 149 261 452 406 328 196 152 406 154 25 240 250 354 203 467 347 180 438 393 210 156 254 182 422 269 373 444 267 455 335 297 204 82 124 329 220 459 168 212 245 316 242 267 214 0 146 234 72 471 323 340 78 451 423 165 316 117 159 383 297 308 134 293 117 390 289 120 407 238 181 115 315 296 359 363 268 249 284 167 384 141 372 70 239 123 181 183 157 417 501 426 250 505 210 388 106 242 254 303 247 162 314 166 377 323 114 146 196 111 463 434 432 197 278 338 361 143 112 310 346 326 393 58 270 217 60 324 115 153 84 387 201 324 55 111 463 257 264 343
40 256 269 105 26 305 208 154 327 487 163 207 34 138 310 265 369 182 153 384 261 137 100 343 221 59 327 219 282 375 270 64 185 121 144 297 177 228 306 236 321 267 151 261 103 22 196 202 423 24 68 133 231 142 257 170 146 0 231 168 329 341 226 163 319 425 91 176 224 52 290 374 384 168 299 154 370 377 75 309 322 271 90 182 377 385 229 365 333 138 190 240 100 353 75 101 113 166 80 82 368 477 330 123 487 111 371 167 264 331 214 176 269 308 254 394 400 194 122 213 117 462 395 381 141 280 398 215 232 96 348 387 181 281 110 374 109 91 363 44 135 187 394 73 384 91 140 324 235 308 337
215 188 61 316 205 236 323 124 100 278 312 316 198 202 387 342 148 49 87 171 180 209 237 193 279 268 389 256 179 219 278 264 80 222 88 301 145 338 362 49 356 139 324 98 166 220 261 31 225 248 239 178 154 156 32 74 234 231 0 170 402 110 220 161 344 197 318 274 174 282 210 191 197 100 67 117 155 210 284 238 164 153 293 254 200 154 288 215 173 308 68 345 132 137 223 315 314 65 167 150 190 266 251 207 271 343 153 131 47 159 153 109 184 81 146 162 211 139 111 43 310 235 201 205 367 49 190 346 145 295 127 164 305 252 263 234 167 242 141 195 98 172 164 200 178 226 125 381 34 100 110
129 88 231 196 148 366 355 50 228 447 320 352 155 247 448 401 256 140 98 340 95 52 243 185 343 226 459 331 118 383 372 229 90 249 138 400 236 375 435 208 441 286 315 131 66 145 318 161 396 192 222 227 276 217 202 167 72 168 170 0 466 251 314 10 434 353 217 313 57 199 343 228 239 71 224 57 324 223 172 369 170 114 173 306 228 287 352 206 181 300 102 386 113 306 105 269 186 127 170 139 359 434 387 240 437 258 321 38 172 185 266 207 103 246 97 306 254 42 107 129 177 392 372 373 256 210 266 369 74 171 238 273 330 364 121 211 200 111 251 125 108 19 317 198 252 97 59 454 197 191 275
365 541 382 410 333 217 123 428 488 491 174 122 321 220 19 65 537 377 390 436 541 456 230 589 125 281 19 145 552 339 132 271 424 218 348 121 257 103 42 362 64 296 202 490 403 348 148 375 427 312 260 242 256 258 400 337 471 329 402 466 0 484 183 457 81 505 373 155 513 344 235 594 598 423 442 422 432 611 392 219 561 531 407 160 602 523 116 612 571 205 420 91 354 425 402 273 424 374 295 326 368 490 227 225 507 344 438 445 449 559 251 294 548 427 517 512 612 472 366 422 434 526 406 372 401 427 587 126 503 413 519 550 149 174 439 628 267 420 530 355 371 483 496 271 576 418 412 27 375 502 441
322 230 102 421 315 288 422 216 26 211 417 414 309 304 472 430 56 159 191 118 218 299 345 176 369 379 469 344 203 220 353 374 170 327 199 372 239 434 442 127 431 191 432 128 266 328 354 141 180 359 349 282 227 258 92 182 323 341 110 251 484 0 301 244 417 103 426 373 231 392 263 143 141 192 45 211 105 171 390 289 153 180 398 351 153 44 377 191 155 415 160 440 241 94 325 425 417 175 278 261 179 196 295 311 195 453 98 216 81 136 234 207 217 58 184 54 149 211 219 132 411 142 167 190 474 64 110 446 197 399 44 66 406 318 361 212 275 342 49 304 206 246 66 309 103 326 222 461 119 72 56
248 377 199 330 216 85 139 269 305 341 162 130 202 88 170 129 354 201 225 266 374 319 140 411 73 208 169 46 382 194 59 198 255 111 180 85 81 144 142 179 136 118 191 313 261 236 69 196 273 221 171 96 74 98 217 162 340 226 220 314 183 301 0 304 125 332 305 102 351 265 82 412 416 258 258 262 259 431 302 89 383 359 317 75 420 341 78 434 392 180 248 147 203 249 282 233 339 203 158 183 210 336 110 104 352 299 265 285 267 379 67 117 380 244 347 333 430 310 207 245 344 358 248 218 349 244 404 166 336 323 335 367 135 55 328 451 123 304 347 231 208 328 318 152 393 296 255 161 192 319 261
125 93 221 197 142 356 347 39 221 438 313 344 148 238 439 392 250 129 87 331 99 56 235 186 334 220 450 321 121 373 362 223 80 240 127 389 226 367 425 198 431 275 308 126 60 141 309 151 386 187 215 217 265 207 193 156 78 163 161 10 457 244 304 0 424 345 216 304 61 196 332 226 237 61 216 46 315 223 172 358 169 114 174 297 227 280 343 207 180 293 92 377 103 297 104 264 188 117 162 130 348 425 377 231 428 256 312 29 164 183 255 197 107 237 97 299 253 38 97 119 179 385 362 363 257 201 263 361 73 173 232 268 322 353 124 213 190 111 246 119 97 26 309 190 249 97 49 445 187 185 266
350 501 316 413 317 138 141 391 424 410 191 134 303 190 80 78 471 327 348 359 499 432 220 536 98 283 61 104 507 258 66 272 379 198 304 44 206 127 44 301 17 225 223 438 375 335 123 321 347 307 253 207 192 217 338 287 451 319 344 434 81 417 125 424 0 430 381 146 474 346 159 535 539 382 376 384 356 555 390 140 508 485 406 137 544 453 91 559 517 220 373 120 321 350 387 288 426 328 268 297 289 409 146 200 427 361 363 407 390 504 190 242 505 359 472 441 552 433 328 371 434 448 327 292 417 364 523 158 460 412 454 483 159 99 429 576 235 407 464 336 331 449 422 251 513 402 376 53 315 442 370
411 333 158 513 399 292 467 315 129 115 472 458 391 360 497 460 130 245 283 70 321 399 409 269 405 454 488 378 305 187 373 448 268 387 280 385 291 475 463 190 446 213 493 232 362 415 396 223 112 440 421 341 260 318 168 256 423 425 197 353 505 103 332 345 430 0 514 421 335 477 271 224 217 290 131 309 73 254 481 290 250 283 490 396 234 84 411 279 249 477 258 479 328 83 419 499 511 262 353 342 146 100 289 371 95 535 67 317 181 230 273 267 320 117 288 56 219 314 308 229 506 39 115 150 563 148 173 493 301 492 135 123 455 331 458 299 342 438 129 392 295 349 37 381 174 422 318 480 190 175 88
104 303 359 40 115 388 250 222 410 579 199 253 125 217 354 316 449 269 235 475 312 171 166 403 284 99 376 289 336 465 341 110 261 194 233 367 266 270 359 327 379 357 173 333 167 98 261 290 514 85 134 217 319 230 345 260 165 91 318 217 373 426 305 216 381 514 0 234 274 41 376 442 452 241 385 225 461 440 45 392 386 331 51 248 443 469 290 423 397 168 269 281 186 443 112 101 57 252 171 173 459 568 413 201 578 45 461 231 346 398 302 267 320 396 314 480 468 254 206 295 70 551 487 472 49 367 473 248 290 56 429 467 226 360 108 429 198 108 443 122 220 235 482 158 458 120 211 374 324 386 426
210 391 273 267 179 185 49 277 371 441 60 42 166 73 136 90 420 239 244 359 392 301 76 449 50 136 151 64 405 296 112 125 280 63 205 135 133 65 130 246 146 211 91 351 248 194 34 244 373 162 108 97 162 118 282 202 316 176 274 313 155 373 102 304 146 421 234 0 361 199 185 462 468 275 327 272 350 475 244 189 422 387 260 26 468 416 56 473 433 82 278 74 202 338 248 145 279 233 142 174 310 435 208 74 450 216 355 294 321 424 148 166 399 320 371 412 483 322 216 285 288 450 346 319 271 310 465 73 355 266 400 435 34 144 287 487 118 266 413 200 223 330 402 116 452 263 261 147 255 374 342
