0 158 423 57 283 245 208 128 275 54 240 326 151 360 103 100 157 198 79 181 120 200 314 229 173 176 69 270 119 60 203 190 324 117 43 246 363 357 313 264 103
158 0 522 102 291 402 239 214 433 211 108 436 238 447 137 258 122 183 123 319 109 338 471 360 307 334 225 428 177 181 125 182 440 201 164 400 471 473 450 309 58
423 522 0 446 295 319 296 310 372 406 522 100 285 81 526 375 577 621 404 260 540 244 332 210 259 389 375 379 345 468 445 362 109 323 386 290 64 87 179 235 470
57 102 446 0 266 299 196 137 331 111 184 353 162 377 99 156 134 187 50 222 99 241 369 266 212 233 122 326 110 98 155 161 354 123 65 298 390 388 354 260 46
283 291 295 266 0 384 76 168 441 308 250 253 158 214 365 316 391 450 216 261 360 266 442 258 245 384 288 442 164 344 178 109 266 174 242 363 272 292 329 68 261
245 402 319 299 384 0 319 241 59 195 468 227 236 302 323 146 385 402 293 122 352 118 70 137 138 95 177 64 275 250 409 352 214 246 241 28 257 231 142 324 344
208 239 296 196 76 319 0 91 374 231 225 230 85 217 295 240 326 383 145 197 294 205 382 205 181 311 211 374 89 269 148 65 240 97 166 301 258 270 287 69 199
128 214 310 137 168 241 91 0 292 142 243 222 25 239 227 148 270 320 94 126 234 141 308 153 111 221 120 291 40 187 174 111 225 13 86 228 257 258 244 136 160
275 433 372 331 441 59 374 292 0 221 508 284 290 360 338 175 399 408 332 179 370 177 61 197 195 101 210 9 323 266 454 403 270 295 278 86 311 284 192 382 377
54 211 406 111 308 195 231 142 221 0 293 306 159 351 133 49 193 222 125 150 159 170 263 201 148 122 31 216 147 63 252 227 302 134 74 199 344 333 278 277 157
240 108 522 184 250 468 225 243 508 293 0 451 262 442 244 334 228 287 175 367 217 383 538 397 352 414 298 504 203 279 77 160 458 234 229 461 482 491 487 290 140
326 436 100 353 253 227 230 222 284 306 451 0 198 79 429 274 482 523 315 159 445 143 254 109 158 290 275 290 260 369 375 293 16 235 291 199 37 40 102 185 381
151 238 285 162 158 236 85 25 290 159 262 198 0 214 251 159 295 345 118 117 259 128 301 136 100 226 134 289 62 208 190 119 201 38 109 220 232 235 225 118 185
360 447 81 377 214 302 217 239 360 351 442 79 214 0 463 327 510 557 332 216 474 204 332 173 211 356 320 366 271 410 365 282 95 253 321 274 71 100 181 154 397
103 137 526 99 365 323 295 227 338 133 244 429 251 463 0 180 61 94 149 280 34 300 388 330 275 236 161 331 207 73 240 260 427 214 142 331 467 460 410 358 117
100 258 375 156 316 146 240 148 175 49 334 274 159 327 180 0 241 266 160 115 207 132 215 165 117 80 36 170 166 108 286 249 268 145 106 151 311 297 235 275 202
157 122 577 134 391 385 326 270 399 193 228 482 295 510 61 241 0 62 182 337 36 357 450 386 331 298 220 392 244 134 243 282 481 257 190 392 519 514 469 393 130
198 183 621 187 450 402 383 320 408 222 287 523 345 557 94 266 62 0 237 372 89 391 462 422 368 309 252 400 298 158 305 342 521 307 236 413 561 553 500 448 190
79 123 404 50 216 293 145 94 332 125 175 315 118 332 149 160 182 237 0 198 148 216 363 237 186 241 124 329 62 136 126 114 317 80 54 287 351 351 327 210 66
181 319 260 222 261 122 197 126 179 150 367 159 117 216 280 115 337 372 198 0 301 19 184 50 16 142 120 180 165 214 300 235 153 134 157 103 196 183 132 203 261
120 109 540 99 360 352 294 234 370 159 217 445 259 474 34 207 36 89 148 301 0 321 418 349 294 268 184 363 210 103 221 252 444 221 153 358 482 477 433 359 102
200 338 244 241 266 118 205 141 177 170 383 143 128 204 300 132 357 391 216 19 321 0 176 33 30 152 139 180 180 233 315 247 135 149 176 96 180 165 113 205 279
314 471 332 369 442 70 382 308 61 263 538 254 301 332 388 215 450 462 363 184 418 176 0 186 201 152 246 70 343 315 478 419 238 314 311 81 276 246 154 379 414
229 360 210 266 258 137 205 153 197 201 397 109 136 173 330 165 386 422 237 50 349 33 186 0 55 183 170 200 194 265 326 254 102 164 201 111 146 132 90 193 301
173 307 259 212 245 138 181 111 195 148 352 158 100 211 275 117 331 368 186 16 294 30 201 55 0 153 117 196 149 211 285 219 153 119 147 120 196 185 142 188 249
176 334 389 233 384 95 311 221 101 122 414 290 226 356 236 80 298 309 241 142 268 152 152 183 153 0 117 95 244 164 367 327 280 220 187 114 325 304 224 336 280
69 225 375 122 288 177 211 120 210 31 298 275 134 320 161 36 220 252 124 120 184 139 246 170 117 117 0 206 132 94 250 215 270 114 69 177 313 302 249 252 168
270 428 379 326 442 64 374 291 9 216 504 290 289 366 331 170 392 400 329 180 363 180 70 200 196 95 206 0 321 260 451 401 276 293 275 91 318 291 199 384 372
119 177 345 110 164 275 89 40 323 147 203 260 62 271 207 166 244 298 62 165 210 180 343 194 149 244 132 321 0 180 135 82 264 30 77 263 294 297 284 150 125
60 181 468 98 344 250 269 187 266 63 279 369 208 410 73 108 134 158 136 214 103 233 315 265 211 164 94 260 180 0 253 250 365 176 103 258 407 397 342 323 139
203 125 445 155 178 409 148 174 454 252 77 375 190 365 240 286 243 305 126 300 221 315 478 326 285 367 250 451 135 253 0 83 383 166 180 399 405 415 416 213 122
190 182 362 161 109 352 65 111 403 227 160 293 119 282 260 249 282 342 114 235 252 247 419 254 219 327 215 401 82 250 83 0 301 108 154 338 322 333 341 132 151
324 440 109 354 266 214 240 225 270 302 458 16 201 95 427 268 481 521 317 153 444 135 238 102 153 280 270 276 264 365 383 301 0 238 291 185 45 33 85 197 384
117 201 323 123 174 246 97 13 295 134 234 235 38 253 214 145 257 307 80 134 221 149 314 164 119 220 114 293 30 176 166 108 238 0 74 233 270 271 255 147 146
43 164 386 65 242 241 166 86 278 74 229 291 109 321 142 106 190 236 54 157 153 176 311 201 147 187 69 275 77 103 180 154 291 74 0 237 328 324 289 221 105
246 400 290 298 363 28 301 228 86 199 461 199 220 274 331 151 392 413 287 103 358 96 81 111 120 114 177 91 263 258 399 338 185 233 237 0 228 203 114 301 342
363 471 64 390 272 257 258 257 311 344 482 37 232 71 467 311 519 561 351 196 482 180 276 146 196 325 313 318 294 407 405 322 45 270 328 228 0 31 121 206 417
357 473 87 388 292 231 270 258 284 333 491 40 235 100 460 297 514 553 351 183 477 165 246 132 185 304 302 291 297 397 415 333 33 271 324 203 31 0 92 224 418
313 450 179 354 329 142 287 244 192 278 487 102 225 181 410 235 469 500 327 132 433 113 154 90 142 224 249 199 284 342 416 341 85 255 289 114 121 92 0 260 391
264 309 235 260 68 324 69 136 382 277 290 185 118 154 358 275 393 448 210 203 359 205 379 193 188 336 252 384 150 323 213 132 197 147 221 301 206 224 260 0 267
103 58 470 46 261 344 199 160 377 157 140 381 185 397 117 202 130 190 66 261 102 279 414 301 249 280 168 372 125 139 122 151 384 146 105 342 417 418 391 267 0
